Hello world!
run_midi!
Sample rate: 123762.376238
noteOn: voice=0 wave=0x88440
noteOn: voice=1 wave=0x88440
noteOn: voice=2 wave=0x88440
noteOn: voice=3 wave=0x88440
noteOn: voice=4 wave=0x88440
noteOn: voice=5 wave=0x88440
noteOn: voice=6 wave=0x88440
noteOn: voice=7 wave=0x88440
noteOn: voice=8 wave=0x88440
noteOn: voice=9 wave=0x89540
noteOn: voice=10 wave=0x88440
noteOn: voice=11 wave=0x88440
noteOn: voice=12 wave=0x88440
noteOn: voice=13 wave=0x88440
noteOn: voice=14 wave=0x88440
noteOn: voice=15 wave=0x88440
0
0
0
0
0
0
0
0
0
0
0
0
0
0
0
0
0
0
0
0
0
0
0
0
0
0
0
0
0
0
0
0
0
0
0
0
0
0
0
0
0
0
0
0
0
0
0
0
0
0
0
0
0
0
0
0
0
0
0
0
0
0
0
0
0
0
0
0
0
0
0
0
0
0
0
0
0
0
0
0
0
0
0
0
0
0
0
0
0
0
0
0
0
0
0
0
0
0
0
0
0
0
0
0
0
0
0
0
0
0
0
0
0
0
0
0
0
0
0
0
0
0
0
0
0
0
0
0
0
0
0
0
0
0
0
0
0
0
0
0
0
0
0
0
0
0
0
0
0
0
0
0
0
0
0
0
0
0
0
517
-1880
-3478
-3384
-2679
-3431
-3854
-1598
-2303
-5311
-6063
-6063
-6580
-7097
-7990
-9212
-7144
-3854
-2961
-1269
470
-1786
-3807
-5076
-8460
-7285
-4183
-3525
-2162
-3525
-2162
-2021
-1833
-329
1175
2961
5546
5640
7285
10058
10199
8930
8930
9165
7802
5264
3713
3008
1081
-423
-1645
-2256
-4042
-5499
-7426
-7050
-4888
-2632
-658
235
-987
-1880
-1880
-1645
-3149
-3948
-5452
-6110
-8695
-10622
-9071
-6392
-6674
-7191
-6110
-4183
-2068
-2491
-4277
-2256
-705
-1786
-799
329
-4277
-4512
-2726
-1833
-47
-3854
-6768
-8413
-7285
-4324
-4418
-2256
1222
-1316
-1128
1410
2350
1833
3196
3243
2162
4136
4042
3525
2773
2961
4136
4324
3384
3431
2256
1974
2021
2115
3055
3149
1739
141
-188
-1081
-2303
-3713
-4747
-5499
-7097
-8977
-9400
-8366
-7191
-6392
-5358
-3525
-3102
-2397
-2256
-1410
-1410
-2726
-3337
-3854
-10575
-10528
-4089
-2068
-423
-2491
-3948
-2068
-2914
-4324
-5687
-3384
94
-658
2914
6439
5123
4653
4700
5076
3995
987
-1457
-2773
-1739
-1551
-1363
-94
-1739
-4324
-6063
-6298
-6157
-4042
-2632
-2867
-2726
-752
141
-141
-376
1457
1175
1692
705
423
-188
329
-1175
-2350
-1692
-940
-470
-235
-1081
-893
-705
-1974
-2538
-4512
-8836
-9071
-5405
-3854
-517
-1551
-3008
-2491
-3713
-3525
-3149
-3243
-611
-1739
-940
141
-893
0
3901
4841
3854
2303
2444
3478
1128
-2209
-2491
-1269
-2444
-2444
-1269
-1880
-3431
-1645
-1081
-893
-1974
-4324
-6063
-6204
-4183
-3948
-3948
-2444
-5123
-7755
-8507
-7943
-8554
-8178
-7379
-7003
-4583
-720
-855
450
1485
3285
3465
2880
270
450
3735
3555
4815
2250
360
495
-1260
-1890
-2295
-2925
-90
-990
-90
495
990
945
1935
3645
3735
3240
3375
2430
945
-900
-540
-1665
-2880
-3870
-5040
-7920
-8550
-5490
-1485
-1080
-1710
-2340
-1350
-585
-2700
-5040
-4545
-3600
-4905
-4500
-3060
-4005
-5535
-6525
-5445
-4680
-4770
-5355
-6930
-4770
-2340
-2160
-900
-990
-6390
-8190
-4320
-3960
-2340
-2430
-5175
-5265
-2160
-1575
-1935
-1305
2970
4545
6165
7605
9405
9990
10710
10260
9045
6885
6165
5040
3240
720
0
-585
-2655
-3150
-4455
-6480
-6975
-5175
-3375
-1800
-945
-1350
-720
-1440
-2520
-3285
-3735
-4140
-5805
-6930
-6615
-10125
-10485
-7830
-5715
-5040
-4185
-2655
-1215
-585
-2250
-3375
-1935
-2340
-5625
-4320
-45
-945
360
-990
-3330
-3375
-5175
-7065
-7740
-5985
-1350
-585
1935
3465
1980
2160
2790
2790
2790
1800
540
630
2385
1035
900
1260
1710
2790
2160
990
2025
3870
4950
3960
3285
2160
1935
1080
-225
-1890
-3150
-3465
-4995
-6255
-7245
-8460
-9045
-8865
-7425
-5355
-3690
-1665
-1215
-1440
-1485
-1260
-1800
-2610
-6660
-7785
-5040
-6885
-4095
-1665
-3555
-3735
-4050
-3330
-1755
-3465
-2070
-1665
540
2295
3690
6750
6750
5400
5535
3285
2430
1350
-1125
-4905
-4725
-2880
-2880
-2115
-1575
-4860
-5805
-4320
-3555
-3060
-2295
-2925
-3870
-2475
-720
-1575
-1845
-1260
180
-225
-630
-405
90
0
135
-45
45
1350
1575
855
-90
-675
-1125
-2115
-5265
-6975
-4860
-5040
-3645
-3465
-4455
-3645
-2828
-2321
-2546
-3455
-716
-12
63
1219
1888
2270
508
-119
1462
2817
2082
1433
616
-96
612
-1403
-3932
-2959
-2717
-4668
-2789
789
69
-521
-131
-1261
-1999
-2579
-4988
-7565
-6799
-4903
-4977
-4385
-4065
-6791
-7671
-7664
-7194
-6600
-5251
-4054
-3978
-203
230
-289
676
1089
350
-797
2124
3468
5279
5929
2170
1197
848
192
490
-1563
868
645
855
1791
2592
2928
2004
1421
1856
1184
1598
1609
1799
520
-356
-1227
-2304
-2167
-3377
-5548
-5294
-2951
-5827
-5361
-2861
-1481
-2351
-2007
-2219
-1977
-2707
-4772
-6165
-5441
-5385
-6258
-3887
-2604
-4246
-4347
-3843
-2338
-2130
-3323
-4918
-6405
-3900
-2834
-4798
-4933
-2655
-3792
-2509
-1815
-4833
-4919
-4476
-5308
-4661
-2399
1176
1525
2444
5355
8136
9396
9222
10221
10700
9324
7230
6053
5231
3761
2151
797
-940
-1595
-2717
-4844
-4634
-4255
-4199
-3997
-3213
-3153
-2439
-1127
-1251
-1934
-3455
-4024
-4406
-5094
-6045
-7270
-7232
-7796
-9878
-8703
-4632
-2558
-2438
-2223
-1352
-465
-1216
-3538
-5123
-6033
-3799
-2120
1334
2321
-2281
-2321
-2938
-3460
-3165
-5874
-4632
-4151
-1604
179
3340
5524
4294
2565
2912
1580
366
504
-93
-1915
-1325
313
-676
-319
-432
-4
1130
2213
3548
4935
5499
4239
2624
2525
1917
794
-652
-2572
-3306
-4434
-5389
-6610
-6440
-7448
-8418
-7779
-6392
-3653
-2350
-1211
-472
-474
-1348
-2350
-3495
-6430
-4371
-3616
-2890
-2616
-7429
-6149
-3246
-3852
-3297
-4114
-1945
1085
-328
-965
2201
4292
3634
5381
8013
5100
2962
2836
1992
61
-1559
-3817
-5907
-5175
-3980
-4628
-3197
-1497
-2828
-2807
-2185
-2967
-3836
-2592
-3335
-4616
-1628
-2199
-2984
-2716
-2157
-1343
-304
-594
-50
857
2218
2689
2252
2001
2154
2110
602
-730
-2829
-5376
-4361
-2778
-2212
-1490
-5168
-5573
-4860
-4136
-3018
-3000
-1267
111
-474
631
2853
3380
2960
2863
4073
-190
-1796
16
1662
-70
-1013
-1297
-573
-1187
-3896
-5804
-4205
-3003
-2114
805
2768
-30
-1316
-1290
-1615
-2852
-4442
-7113
-8532
-7084
-6189
-6257
-4211
-4458
-6980
-6577
-5423
-4283
-3586
-3081
-3137
-2930
-196
-313
-1989
-3654
-959
2391
3962
5146
3232
2746
2910
1240
1224
440
1211
2673
1458
1728
3399
4010
3047
3370
3485
1364
-412
-320
66
-154
-258
-373
-573
-1901
-2731
-3956
-4079
-3633
-3203
-2429
-2188
-5406
-5351
-2508
-1825
-3064
-3351
-3627
-2862
-4235
-6861
-7685
-5261
-5427
-5384
-2293
-929
-2298
-1024
-1695
-1373
-1379
-3472
-5857
-7379
-7149
-5243
-2187
-185
568
-4076
-4688
-4400
-5312
-4278
-4642
-4781
-1443
996
1980
4412
6068
7667
8872
9536
8882
8114
8119
7245
4802
3354
2692
2031
241
-1345
-2701
-3449
-3171
-2447
-1755
-2020
-3684
-4469
-3474
-2665
-2980
-2385
-2828
-3240
-4361
-5563
-5711
-5681
-5973
-7058
-6325
-6557
-7212
-4760
-1989
-1583
-1505
-1792
-1363
-1793
-5931
-7073
-3069
-1361
-62
-732
58
-1040
-2834
-2052
-3130
-2891
-894
-3120
-3816
-460
2170
2711
4798
5924
3543
596
685
231
-1212
-1854
-2474
-3304
-767
-1051
-2533
-2060
-189
2383
4083
4367
4296
3973
4842
3297
1488
1022
-140
-336
-2338
-3746
-4628
-4570
-5046
-5952
-5626
-5202
-5412
-4224
-3904
-1934
-1266
-812
-638
-2450
-5366
-5142
-2352
-1870
-560
-2832
-3360
-5736
-7032
-4540
-2850
-3022
-704
-698
1408
3196
2044
1354
3488
4312
3258
4042
5178
2834
1208
-456
-792
-1452
-3378
-5562
-7778
-6036
-4258
-2458
138
478
-2382
-3270
-2536
-3274
-3654
-3858
-5140
-5136
-2870
-3466
-4308
-2930
-1844
-912
254
966
2208
3816
3896
3110
2774
2308
1722
364
-3526
-3902
-1832
-1536
-360
-2232
-3920
-4376
-5792
-4860
-4370
-3520
-24
182
1218
2516
2724
3114
3532
3712
2458
962
572
-2286
-2752
-1616
-840
-1732
-2338
-2242
-1960
-3596
-4898
-3728
-976
-562
-862
886
1744
-954
-1214
-2464
-3460
-3776
-5990
-8708
-9668
-6610
-5924
-5348
-3266
-3394
-4752
-3454
-3144
-3130
-2504
-2608
-3438
-3556
-3396
-3662
-872
424
3736
3008
1960
2264
2480
3060
2350
1200
3302
3062
3698
4268
3930
4114
4132
4076
3098
1682
732
-646
-1912
-2536
-1640
-1424
-1538
-1442
-2320
-3792
-3818
-1848
-1376
-1272
-2222
-2954
-3920
-5520
-4694
-3064
-3508
-3896
-4390
-4428
-4120
-5450
-6964
-6748
-4424
-3994
-2192
1066
616
-770
-384
-1168
-1600
-2916
-7316
-9676
-6032
-2976
-984
-188
-1480
-2936
-4680
-4210
-4330
-4840
-1658
-1744
-1422
1108
4210
4388
5572
6916
8116
7546
6932
6954
6432
5384
4240
2856
1896
1038
120
-2072
-2378
-1208
-656
-752
-1278
-2434
-2960
-4120
-4224
-4664
-3948
-3622
-3434
-3868
-4920
-5366
-5484
-5268
-5024
-4664
-4352
-2334
-4824
-5016
-2796
-1298
-1822
-2290
-4660
-4354
-1636
-2892
-2000
-1090
-2468
-2784
-1172
376
-812
-2312
-398
-176
26
780
-456
-1010
1114
2910
3176
3588
3082
748
-620
-1688
-2136
-2568
-2832
-3544
-4440
-2682
-1986
-1020
936
2364
3460
3564
3194
3688
3628
3020
1120
404
-290
-1314
-2458
-3338
-3984
-4536
-4192
-4232
-3882
-2746
-3288
-3804
-3172
-2970
-1898
-1644
-3248
-4354
-2472
-2246
-724
-976
-3038
-3580
-3954
-4108
-5904
-6254
-1500
-366
-240
950
2698
4120
3432
2194
2150
2638
2094
1394
3256
2378
68
-142
-1616
-1948
-2968
-5646
-7002
-6112
-3028
-1512
-986
220
-1128
-2924
-3098
-3668
-4772
-4574
-4774
-6216
-6002
-3756
-3756
-3704
-2402
-52
1096
2660
3020
3910
4352
3952
2586
1624
-512
-2178
-344
-992
226
206
-2620
-2972
-3270
-4136
-4498
-5456
-2266
-1018
-164
1710
3350
3778
3318
3220
4008
2258
1600
520
-212
-2714
-4378
-3448
-2186
-2138
-3082
-4164
-3044
-1058
-1926
-2608
-1898
-844
-1698
-384
1196
-96
-2530
-2524
-3520
-4506
-5394
-7660
-9000
-8606
-5632
-4860
-2590
-608
-1848
-3036
-2374
-2736
-3008
-3088
-5186
-7042
-3958
-726
378
1346
330
1398
2012
1754
2412
2182
5258
4568
3722
4864
5706
6168
5256
4588
4616
3122
2094
1090
282
-1262
-3048
-3182
-3706
-2556
-2930
-3290
-2512
-2394
-1774
-1202
-420
-1414
-2154
-2436
-1926
-5264
-6710
-4956
-3750
-4810
-5242
-5380
-4138
-4084
-5556
-5924
-4066
-1748
-1848
232
1924
304
-728
-1658
-3092
-5446
-4224
-5172
-4790
-3062
-3318
-3196
-1560
-1742
-3212
-4522
-1516
-1710
-1540
-382
834
1452
4048
4601
4660
4460
4958
5546
5662
4593
4388
4344
3636
2282
1044
-118
-185
-125
-101
-16
34
-806
-1988
-1725
-2367
-3784
-4876
-5050
-5119
-4479
-4354
-4296
-3907
-4524
-4665
-4038
-3213
-2387
-2512
-2601
-2480
-4336
-4355
-2660
-3123
-5394
-3555
-1927
-180
448
-3769
-4053
-2317
-2595
-2449
-616
845
917
717
802
2218
2710
1569
-283
-196
1056
1184
1387
2780
560
-1717
-2205
-2876
-3490
-3803
-4323
-4958
-3751
-508
206
774
1007
2082
3107
3072
2358
2635
2242
1726
-113
-1036
-1632
-1613
-2452
-3716
-3113
-2732
-1980
-1920
-1935
-2332
-2967
-3510
-3511
-4455
-5320
-3427
-1187
-513
125
-2396
-2314
-2687
-3212
-3300
-4168
-4113
-3819
-2502
247
2033
2531
2494
3676
4725
2605
222
499
1744
175
-311
1976
1044
-1239
-1842
-3102
-3463
-3159
-3505
-4900
-3897
-2138
-2284
-926
-42
-2452
-3988
-4307
-4650
-5700
-5624
-6168
-6315
-5375
-3457
-3101
-1659
647
2335
3004
3403
3656
3927
3917
1761
-1361
-356
1005
1744
2012
-1064
-1824
-2021
-2731
-2779
-3551
-3225
-2302
-2515
-1233
1626
2679
3243
4194
3985
3049
1659
1868
1189
-269
-1535
-1169
-3988
-5309
-3836
-3361
-3759
-3215
-2025
-201
506
-1962
-3320
-1703
-1152
-2384
-806
-52
-1690
-3242
-4477
-4836
-4761
-5532
-7786
-8133
-6053
-3279
-2068
-474
-35
-1820
-2622
-2706
-3942
-6504
-4870
-3620
-3070
1124
-805
-1528
-621
266
1772
1888
2145
4728
4922
5812
6192
6416
6240
6275
6131
4640
2806
2414
1744
-84
-943
-1571
-2580
-3932
-3902
-4477
-3613
-2436
-1237
-253
-292
-1259
-1500
-979
-1611
-2948
-3312
-4168
-6276
-6517
-5104
-4729
-4730
-4759
-4633
-2952
-2458
-3653
-2961
-1669
-941
-1029
1092
1189
-1375
-3709
-3472
-1948
-1710
-1285
-5375
-6126
-4219
-3308
-2411
-1284
-1778
-1401
-1541
-668
384
1211
1651
1402
2253
3707
2852
2972
3451
3766
3517
3582
3262
3068
3028
1998
421
574
1493
1917
1572
-104
-625
-524
-1226
-2388
-2787
-4060
-4981
-5782
-5909
-6027
-4660
-4059
-3933
-3459
-3053
-2708
-1316
-1596
-1396
-1834
-2268
-3437
-5855
-6754
-4573
-2123
-1815
-410
-1118
-1471
-2084
-4218
-3315
-2264
-2303
-71
2318
2622
2554
3066
2806
2977
2813
1137
-1882
-1543
476
-108
-298
572
-1288
-3022
-3167
-4162
-4864
-4022
-2742
-2563
-1193
237
-485
491
1259
1989
1798
1365
1476
1445
1021
-147
-915
-1154
-1588
-1324
-1396
-1448
-756
-1071
-1005
-1309
-1813
-2597
-4004
-6509
-5973
-2843
-1899
395
-628
-2235
-2189
-2923
-2020
-2565
-2723
-1261
-657
-2298
-1541
826
2561
2633
2953
2537
2563
2718
546
-1088
-969
-350
-1288
-782
922
-1362
-2764
-2937
-1642
-1093
-1438
-3298
-5181
-3569
-2101
-2176
-1501
-1855
-3704
-4750
-5212
-5992
-5780
-5456
-5893
-5524
-2236
-1523
-476
189
1830
2964
3332
2933
2646
1006
852
2302
1636
2974
1437
-205
-684
-1710
-1600
-2040
-2900
-701
-1147
-1108
-828
546
1091
2563
3484
3307
2563
1948
1211
452
-339
-875
-1796
-2672
-3208
-5700
-6293
-3952
-1817
-1434
-983
-1198
-456
-570
-2661
-3121
-2341
-2607
-2919
-1098
-1365
-3237
-3417
-4068
-4308
-4098
-4305
-5781
-5016
-3249
-1638
-1065
-84
-828
-2943
-4875
-5376
-3300
-2775
-1191
-2358
-3417
-1263
-1404
-990
-462
906
3405
3858
4428
5808
6942
7116
6291
6102
6003
4449
3672
2649
1485
108
-462
-1164
-1929
-2886
-4143
-5226
-4473
-2961
-1284
-417
-402
-723
-1095
-1524
-1386
-2100
-2904
-3588
-4233
-5787
-7461
-6348
-4563
-4473
-4197
-3630
-2250
-627
-1236
-2556
-1857
-909
-1293
-1689
-1146
-2274
-1746
-1026
-102
-873
-2829
-3837
-5958
-5247
-3348
-2988
-192
1020
-42
66
1101
1398
1308
2010
2010
465
1065
2286
1617
1065
1881
2631
2394
2409
1764
1407
2061
2433
2247
2322
2214
1530
588
-336
-708
-1605
-2475
-3093
-3579
-4995
-6108
-6117
-5853
-5133
-4065
-2871
-2058
-1287
-1335
-1335
-696
-1239
-1689
-2541
-3471
-6762
-5607
-3258
-333
-1005
-2697
-2547
-1767
-1320
-2391
-4062
-885
30
-42
1908
4896
4038
3075
2943
3198
1851
834
-948
-2871
-2763
-1167
-1296
-807
-627
-2970
-4500
-3846
-3078
-2730
-1704
-1845
-2430
-354
-105
-444
-387
228
966
1008
309
162
516
582
-222
-732
-198
-111
477
84
-312
-300
-735
-1524
-2013
-3933
-5790
-4452
-3522
-2049
-1368
-2136
-1821
-1647
-2046
-2259
-2610
-201
-465
-702
126
912
-384
-555
1986
3093
1620
1263
1032
1734
306
-1695
-2097
-1599
-1485
-2409
-1662
-315
-867
-717
-738
-558
-1308
-2565
-3876
-4866
-3819
-3138
-2865
-2094
-3288
-5133
-5475
-5226
-5700
-5115
-4191
-4236
-2757
-483
-114
360
618
2062
2021
878
-270
1552
2836
3810
3160
866
717
385
-316
-687
-1665
212
172
-168
573
964
823
420
1131
1705
1708
1793
1640
1341
179
-663
-512
-1404
-1792
-2966
-3933
-4521
-4775
-3366
-1157
-623
-1319
-1630
-1065
-359
-1688
-3742
-3423
-2699
-3535
-3623
-1618
-1946
-3534
-3142
-3150
-2664
-2087
-2867
-4494
-3659
-2268
-1564
-1162
-1788
-4300
-3842
-2651
-1646
-1676
-2978
-3090
-3583
-2765
-944
-1569
1111
1691
3257
4634
5769
6372
6657
7269
6913
5025
4366
3872
3232
1760
388
-16
-939
-1389
-2417
-3375
-3777
-3952
-3149
-2397
-1243
-1195
-917
-445
-979
-1753
-2595
-2276
-3009
-3767
-4677
-5028
-6162
-7049
-5126
-3367
-2903
-2103
-1627
-557
-26
-1369
-2432
-1813
-2180
-4300
-1858
914
414
153
-2017
-1974
-2225
-2982
-3982
-5785
-3801
-944
-432
1179
2777
1784
1108
1720
1736
592
584
199
-488
1016
605
232
177
1122
1396
1158
1121
1938
2905
3648
3314
1936
1510
1477
819
-420
-1270
-1904
-2451
-3612
-4069
-4625
-5108
-5964
-5598
-4669
-3244
-1576
-945
-557
-708
-993
-1012
-1255
-2645
-4892
-3532
-2744
-3740
-3005
-2916
-2129
-2411
-2691
-2122
-1600
-918
-882
-1269
435
1971
2255
3774
5037
3897
2452
1576
1408
874
-1061
-3022
-3922
-2683
-2040
-2231
-1756
-2398
-3177
-2582
-1808
-1748
-2125
-2241
-2258
-2163
-1009
-1084
-1312
-1180
-202
-163
-208
38
236
540
954
724
1090
1473
1197
1028
433
-237
-768
-2180
-4396
-3571
-2704
-2593
-2044
-3321
-3307
-2473
-2071
-1468
-1879
-1445
-355
-24
466
1422
1376
1148
724
-208
-334
1046
1138
690
-172
-440
200
-750
-2456
-2822
-2366
-2684
-2028
592
1078
44
-372
-1148
-912
-1588
-3214
-4862
-5064
-3708
-3446
-3306
-2702
-3710
-4860
-4658
-4246
-3974
-2618
-2176
-2682
-1388
100
-94
152
-200
-666
574
2076
2590
4090
2770
1822
1206
556
792
188
170
630
432
786
1842
1826
1688
1366
1022
296
-154
616
810
518
186
-374
-840
-1646
-1426
-2666
-3044
-3048
-2366
-3002
-3466
-2292
-1280
-1062
-1468
-2014
-1626
-1494
-2838
-4286
-3832
-3542
-3710
-2862
-1208
-1846
-2204
-1974
-1096
-1332
-1598
-2762
-4174
-3328
-2750
-4002
-2336
-414
-1850
-1280
-2600
-3188
-3272
-3104
-2898
-3412
-914
840
672
1866
3842
5516
5858
6106
6644
6326
5696
5026
3918
2948
2046
1366
476
-566
-1066
-1996
-2972
-2568
-1976
-2034
-2416
-2682
-2540
-1392
-958
-1354
-1206
-2180
-2718
-2966
-3292
-3966
-4310
-4482
-4034
-6022
-5504
-2844
-1298
-1572
-1208
-962
-124
-538
-2690
-4812
-3524
-1314
-1340
1300
1026
-1178
-1472
-2144
-1780
-2392
-2924
-2748
-3426
-1254
962
1798
3038
2836
1694
1146
416
46
-162
-474
-1704
-1574
-94
-356
-466
-766
328
1004
2434
2946
3506
3348
3010
2448
1622
986
564
-500
-1182
-2216
-2902
-3516
-3830
-4032
-4454
-4912
-4678
-3534
-2438
-1658
-660
-302
-394
-996
-2180
-3402
-3434
-1894
-2030
-1010
-2994
-5070
-4442
-2594
-1930
-2330
-2174
-258
564
446
482
1078
2288
2334
2834
4206
3314
1786
1668
516
-392
-1094
-2434
-4316
-4066
-3201
-2894
-2025
-268
-879
-1601
-1747
-2041
-2068
-1929
-2159
-3021
-2590
-1320
-1619
-1761
-1750
-209
30
116
563
1423
2084
2464
1792
1727
1720
1442
525
-742
-2234
-2647
-1404
-1604
-464
-2092
-3508
-3492
-3460
-2298
-2049
-1576
304
-45
293
734
1918
1725
1698
1490
1097
-815
-1630
-959
240
-516
-812
-1134
-993
-617
-2136
-3622
-2613
-1052
-948
191
1417
199
-600
-1061
-1151
-1692
-2694
-4064
-5483
-4986
-4130
-3541
-2686
-2338
-3581
-3589
-2928
-2327
-2436
-1689
-1724
-2188
-147
-546
-2010
-1938
584
1840
3244
2332
1812
2136
2092
1818
947
692
1971
1579
1497
1742
2185
2229
2202
1938
1714
137
-650
-763
-752
-824
-336
-380
-601
-1233
-2024
-2632
-2109
-1472
-1508
-1436
-963
-3553
-3680
-1804
-1291
-1916
-2330
-2315
-1927
-2382
-3936
-4343
-3358
-3178
-3128
-1181
264
-451
-756
-793
-632
-1012
-2000
-3822
-5762
-4850
-2380
-1436
612
170
-2762
-2820
-2836
-2945
-2945
-2696
-1529
-1096
965
1938
2745
3446
4470
5466
5830
4969
4950
4865
4428
2760
2072
1804
1120
473
-736
-1764
-1745
-1052
-1060
-1016
-1171
-2517
-2812
-2532
-2240
-1972
-1770
-1699
-1881
-2858
-3460
-3027
-3251
-3598
-3772
-3452
-3040
-4035
-3528
-1259
-772
-1208
-1300
-1291
-2038
-3142
-2828
-2200
-88
-558
-1698
13
-204
-1321
-1122
-1887
-353
-648
-1357
-1758
-867
870
1476
2414
3366
1329
78
-91
-500
-1608
-1448
-1584
-2492
-1739
-929
-1596
-933
205
1861
2652
2945
2679
2872
3012
2464
1355
554
317
-145
-1433
-2432
-2470
-2704
-3092
-3182
-2794
-2958
-2812
-2748
-2220
-1286
-1080
-622
-700
-1918
-3074
-1960
-1104
-576
-860
-2498
-2518
-3676
-4304
-3336
-1976
-386
-490
-204
994
2284
1630
764
1708
2476
1290
1784
2894
1644
46
36
-474
-1162
-1818
-3446
-5124
-3928
-2046
-1382
-128
498
-1370
-2110
-1818
-2072
-2698
-2678
-2948
-3516
-1954
-2140
-2340
-1768
-1246
-28
820
1072
2128
2522
2850
2536
1636
1572
912
-332
-2066
-1024
-792
-108
-148
-2082
-2180
-2792
-3504
-3154
-3068
-672
-320
368
1358
1712
1778
1726
2176
2130
770
380
684
-1730
-2814
-1628
-604
-1370
-1480
-1886
-1822
-1576
-1994
-2214
-752
-238
-928
126
1238
-264
-1138
-1846
-1912
-2424
-3696
-5182
-5986
-4472
-3742
-3070
-1822
-1320
-2162
-2080
-1814
-1780
-1978
-1574
-2184
-3452
-2560
-1216
-272
958
1958
1348
1642
1446
1696
2138
1742
2656
2306
2286
2892
3168
2974
2488
2514
2520
1296
770
320
-768
-1678
-1836
-1592
-1422
-960
-1314
-1822
-2018
-1904
-1070
-674
-628
-1526
-1876
-1830
-3592
-3690
-2236
-2042
-2584
-2936
-3024
-2476
-2864
-4158
-3694
-2472
-2062
-1174
572
968
-316
-392
-716
-1092
-2194
-4588
-4648
-3626
-1764
-694
-1486
-690
-1388
-2828
-2464
-2856
-1400
-1100
-860
-814
1114
2688
2644
3268
3794
4156
4176
4252
3886
3600
3334
2776
1646
1198
624
-210
-692
-1046
-486
-284
-342
-1136
-1474
-1726
-2526
-3144
-2990
-2562
-2532
-2338
-2416
-2710
-2942
-3368
-2908
-2732
-2400
-2168
-1924
-2516
-3358
-2456
-898
-1222
-2272
-3497
-1856
-542
-983
-1110
-1997
-1410
-1713
-1258
416
-802
-895
280
90
377
1089
226
-818
343
1694
1124
1653
1996
320
-994
-1215
-1510
-1930
-1976
-2519
-3297
-1438
-879
-391
621
1447
1970
2034
2311
2300
1963
2031
1132
171
-306
-867
-1294
-1852
-2440
-2596
-2347
-2047
-1721
-1547
-1837
-2364
-2195
-1883
-1472
-2143
-2947
-1902
-1017
-883
-185
-1305
-1785
-2013
-2608
-1731
-4152
-3645
-1320
-211
177
1189
1682
2357
2668
1744
732
1053
1246
745
1266
1660
165
-430
-1157
-1544
-2247
-3113
-3936
-3791
-1979
-887
-955
-316
11
-1781
-2462
-2444
-3018
-3216
-3331
-3992
-4294
-2305
-2265
-2296
-1322
-88
1429
2128
1981
2614
2830
2742
1794
382
-997
-427
367
267
590
-980
-1476
-1888
-2233
-2081
-3139
-2870
-1520
-1161
17
1614
2232
2291
2177
2169
1832
1172
871
220
-659
-1268
-3035
-2905
-1882
-1427
-2422
-2488
-1861
-482
-454
-1287
-1739
-875
-639
-831
132
231
-1568
-1691
-2352
-2942
-3444
-4255
-5499
-5646
-3622
-2638
-1538
-72
-744
-1736
-1529
-1658
-2106
-2585
-3824
-3652
-2083
-250
740
-255
-251
906
1042
1594
1286
1897
3430
3039
2967
3654
4032
3841
3452
2928
2457
1547
1212
620
-209
-1168
-1988
-2380
-2457
-1927
-2262
-1913
-1361
-707
-573
-612
-564
-1125
-964
-1681
-2268
-3097
-4515
-3866
-2527
-2979
-3519
-3255
-2824
-2453
-2897
-3288
-2063
-816
-1119
-136
1296
742
-631
-1260
-2924
-2923
-1683
-2700
-2710
-2803
-2376
-2044
-1383
-556
-1964
-2578
-1061
-1136
-808
554
891
668
2712
2949
2538
2309
2802
3324
3194
2495
2538
2443
2270
1577
326
-20
126
729
455
205
-160
-640
-597
-1196
-1821
-2336
-3402
-3329
-3544
-3075
-3221
-2576
-2365
-2811
-2776
-2234
-1525
-1117
-1347
-1377
-768
-2456
-3086
-2673
-2894
-2956
-1591
-1123
443
-458
-2226
-2564
-1873
-1280
-1854
-431
1678
442
664
1285
1690
1634
1470
258
-590
-20
594
587
1032
421
-1257
-1628
-1847
-2199
-2871
-2826
-2917
-2031
18
366
87
303
1266
1702
1791
1298
1198
1294
1067
-131
-898
-782
-1029
-1477
-1718
-1605
-1226
-772
-1232
-1074
-1090
-1674
-2373
-2584
-3768
-3002
-1200
-764
443
-780
-1835
-1552
-1804
-1625
-2167
-2433
-1036
-2502
-1718
618
1575
1473
1727
2167
2515
1383
289
-34
457
-177
-299
718
614
-865
-1237
-2090
-1951
-1354
-1839
-2670
-2995
-1771
-1080
-1058
-233
-1146
-2804
-2777
-2981
-3698
-3911
-3565
-3996
-3773
-1971
-1467
-884
250
1298
1939
2270
2144
2296
1970
411
-288
778
892
1701
508
-1076
-977
-1375
-1372
-1799
-2019
-1007
-1559
-1235
-247
1052
1519
2187
2585
2308
1314
910
1047
227
-476
-1058
-1364
-2468
-3556
-3238
-2477
-2066
-1423
-919
-314
64
-1104
-1846
-1610
-877
-1491
-1248
-178
-819
-2341
-2566
-2737
-2961
-3405
-4246
-4641
-3851
-1705
-1416
-292
292
-888
-1800
-2101
-3430
-4034
-2074
-1937
-1243
-931
-915
-885
-547
156
846
1178
2558
2736
3388
4307
4433
4043
4096
4011
3942
2471
1738
1415
809
-177
-713
-1065
-1853
-2751
-3077
-3397
-2283
-1270
-394
8
-218
-966
-950
-664
-1066
-1686
-2376
-1974
-3768
-4650
-3852
-2802
-2998
-3158
-2732
-1738
-1060
-1584
-1968
-846
-380
-848
172
704
-1468
-2528
-1538
-1072
-266
-1044
-3404
-3834
-2806
-1958
-1704
-936
422
-640
-776
176
580
800
1104
1076
1120
1938
1810
1524
1672
1612
2024
2216
1706
1892
1484
1048
604
852
1388
1306
1058
206
-268
-400
-736
-1556
-2046
-2282
-2980
-3908
-4028
-3726
-3022
-2784
-2248
-1738
-1724
-1210
-1000
-780
-750
-1288
-1522
-1892
-4096
-4706
-2176
-1182
-640
-758
-1578
-884
-1464
-2310
-2298
-1586
-150
-266
1468
2350
1856
2142
1808
1940
1868
530
-1094
-1424
-352
-632
-470
340
-692
-1936
-2310
-2824
-2828
-2030
-1534
-1532
-1098
-36
-236
40
342
864
856
952
672
558
428
344
-426
-852
-704
-374
-492
-584
-450
-428
-508
-996
-1126
-1804
-3282
-4344
-2682
-1622
-596
22
-1138
-1082
-1450
-1816
-1264
-1806
-376
-772
-644
-598
-778
228
1478
1830
1842
1080
1260
1502
386
-1204
-998
-276
-1022
-528
176
-756
-1590
-864
-808
-602
-746
-2192
-3272
-2738
-1528
-1732
-1608
-920
-2188
-3380
-3466
-3628
-3748
-3580
-3410
-3370
-2230
-430
-322
210
1054
1534
2012
1606
656
78
1334
1612
1758
1848
366
260
-328
-1024
-852
-1410
-90
-382
-458
-70
-8
422
598
1588
1930
1686
1568
1062
474
-90
-184
-606
-1286
-1694
-1694
-3748
-4010
-2592
-962
-778
-618
-872
-478
-120
-1424
-2348
-2070
-1580
-2168
-1488
-936
-1868
-2408
-2774
-2442
-2349
-2368
-2966
-3288
-2401
-1086
-1065
-40
-252
-2514
-3689
-2531
-1916
-1301
-847
-2333
-2365
-800
-810
-629
-462
1680
2309
2756
3045
4256
4736
4742
4285
4028
3376
2792
2275
1437
569
95
-271
-1148
-1309
-1890
-2916
-3254
-2711
-1918
-815
-245
-373
-510
-587
-1025
-1314
-1609
-1842
-2526
-2984
-3417
-4694
-4470
-3336
-2508
-2503
-2082
-1235
-318
-355
-1438
-1488
-590
-824
-1817
-1426
-177
-442
-244
-143
-1409
-1617
-2236
-3714
-3577
-2486
-1457
-265
820
647
531
842
870
853
1203
714
-46
214
1195
701
535
807
1272
1463
1344
888
1212
1645
2152
1781
1647
1277
854
740
-299
-764
-1076
-1619
-2174
-2588
-3253
-3880
-4008
-3842
-3496
-2459
-1642
-795
-516
-729
-844
-454
-772
-1110
-2323
-3538
-3467
-3258
-2158
-302
-1310
-1683
-1686
-1436
-651
-1518
-2029
-793
204
317
1367
3290
2938
2151
2369
1706
944
566
-378
-2240
-2303
-1063
-1077
-935
-548
-1972
-2821
-2249
-1720
-1541
-1024
-1385
-1962
-998
-107
-676
-438
-57
432
470
157
-37
433
514
200
-181
184
569
826
279
-52
-102
-376
-767
-1993
-3252
-2939
-2413
-2004
-1182
-1552
-1652
-1180
-1128
-1110
-1584
-1215
21
-278
53
619
1420
-111
-269
961
1552
806
654
502
554
334
-1019
-1693
-1359
-999
-1972
-929
167
40
-221
-342
-536
-1038
-1152
-2681
-3630
-2990
-2169
-2186
-1707
-1867
-3293
-3461
-3367
-3474
-3239
-2557
-2390
-1814
-249
83
74
416
1015
979
-18
537
1767
2087
2984
1172
494
566
107
117
-590
-805
285
60
96
1002
1153
697
440
859
691
793
1097
993
553
-138
-601
-705
-946
-1304
-2273
-2509
-2373
-2857
-2334
-932
-627
-1105
-837
-836
-668
-927
-2466
-2721
-2212
-2348
-2896
-1261
-1068
-2125
-1898
-1837
-1446
-1078
-1668
-2704
-2695
-1799
-1193
-1570
-1803
-1855
-1812
-1630
-712
-2020
-2257
-1975
-2602
-1941
-989
-679
648
1089
2406
3553
4088
4183
4640
4960
4576
3271
2903
2688
1855
1038
92
-161
-673
-1073
-1937
-2251
-2289
-2080
-1893
-1472
-1425
-1063
-417
-416
-857
-1284
-1918
-1734
-2149
-2621
-3360
-3277
-3882
-4813
-3839
-2152
-1467
-1141
-1162
-457
98
-518
-1701
-2074
-2391
-2512
-1014
743
1262
-498
-1144
-1282
-1657
-1643
-2627
-3577
-2061
-753
-72
1264
2282
1453
986
1243
975
157
299
147
-681
-621
176
-77
-64
418
478
500
814
1679
2328
2686
2160
1184
1326
991
633
-213
-1162
-1284
-1834
-2348
-3045
-3004
-3378
-3952
-3692
-3068
-1887
-1057
-679
-201
-322
-581
-924
-1050
-2706
-2764
-1823
-1175
-1594
-2955
-2526
-1429
-1825
-1559
-1654
-910
438
-396
-755
823
1652
1453
2292
3658
2655
1417
1007
903
201
-730
-1882
-2933
-2500
-1560
-2021
-1537
-1118
-1524
-1389
-1073
-1347
-1697
-1236
-1592
-1887
-660
-1015
-1116
-964
-628
-462
83
-79
38
529
1027
1010
1064
1022
1038
877
322
-273
-798
-2043
-2659
-1487
-1469
-1032
-2220
-2694
-2311
-1791
-1202
-1192
-1119
-24
-312
169
897
1337
1033
1158
1198
-162
-638
372
754
48
-436
-520
16
-518
-1802
-2260
-1936
-1578
-1108
304
1118
58
-394
-680
-734
-1114
-1964
-3528
-3736
-2990
-2628
-2660
-1830
-2244
-3288
-3044
-2534
-2352
-1694
-1444
-1590
-1124
-108
-138
-356
-1116
-556
1108
1544
2336
2212
1400
1504
660
490
430
180
1042
622
658
1108
1430
1294
1392
1156
776
-258
-88
-6
232
-36
-80
-164
-804
-1262
-1320
-1912
-1838
-1568
-1236
-1652
-2502
-2134
-980
-780
-1174
-1464
-1388
-1022
-1770
-3148
-3140
-2366
-2544
-2528
-784
-744
-1192
-634
-784
-690
-804
-1668
-2880
-2936
-2956
-2916
-1288
-176
-264
-1268
-2104
-2016
-2360
-1990
-1900
-2380
-538
456
630
1688
2850
3648
4012
4256
4356
3946
3872
3354
2372
1624
1360
1056
216
-434
-1000
-1612
-1578
-1358
-876
-1172
-1538
-1850
-1780
-1180
-1004
-1004
-1168
-1422
-1794
-2408
-2400
-2566
-2766
-3208
-2484
-3464
-3694
-1914
-924
-806
-760
-868
-340
-394
-2376
-3476
-1708
-848
-264
12
196
-434
-1180
-1370
-1180
-1630
-678
-1504
-2090
-794
930
1268
1964
2362
1396
366
292
14
-408
-816
-1028
-1344
-264
-294
-750
-892
42
1102
1670
1988
2262
2170
2030
1760
1016
634
72
-262
-934
-1734
-2160
-2206
-2666
-2852
-2764
-2784
-2994
-2164
-1764
-1026
-420
-482
-340
-834
-2008
-2686
-1348
-1148
-862
-1068
-2164
-3114
-3308
-1950
-1280
-1770
-364
-304
610
1066
816
728
1484
1842
1772
2086
2432
1354
902
-176
-248
-610
-1604
-2634
-3430
-2972
-1998
-1238
-210
-246
-1037
-1355
-1465
-1489
-1576
-1739
-2345
-2136
-1231
-1511
-1555
-1269
-349
-208
290
624
1079
1834
1998
1551
1310
1097
988
319
-1002
-2059
-1321
-772
-543
-473
-1907
-2321
-2632
-2440
-1990
-1665
24
175
405
669
1064
1596
1436
1463
1188
544
-322
-1269
-887
-229
-352
-665
-1076
-941
-715
-1668
-2498
-1677
-685
-539
-243
625
415
-329
-465
-1079
-1505
-1816
-2774
-4271
-4135
-3194
-2692
-2388
-1470
-2129
-2401
-1706
-1522
-1637
-1170
-1323
-1572
-1142
-1222
-1979
-741
208
1757
2147
1193
1225
1428
1520
1421
475
1684
1615
1540
1689
1724
1916
1702
1723
1488
904
158
-449
-807
-1029
-735
-585
-616
-541
-1064
-1728
-1758
-1209
-885
-779
-923
-1295
-2305
-2669
-1745
-1202
-1605
-1736
-1974
-1646
-1755
-2614
-3252
-2740
-2030
-2129
-1172
509
78
-457
-584
-603
-692
-1282
-2893
-4699
-3061
-1492
-878
207
-647
-1735
-2118
-2060
-1919
-2402
-1555
-845
-860
937
1864
2076
2422
3343
3948
3684
3318
3436
3213
2871
2205
1435
1004
699
96
-732
-1138
-969
-576
-679
-603
-1035
-1676
-1969
-1905
-2042
-1604
-1396
-1534
-1586
-2127
-2534
-2372
-2380
-2466
-2529
-2252
-1851
-2602
-2657
-1164
-550
-852
-1022
-1693
-1982
-1201
-1452
-1418
-120
-1167
-1395
-398
12
-579
-1202
-915
-65
-180
-403
-561
-638
342
1303
1659
1804
1138
136
-140
-649
-1115
-1185
-1195
-1801
-1864
-1112
-1043
-569
244
1521
1968
1905
1644
2116
2089
1658
956
307
26
-406
-1007
-1699
-1872
-2120
-2166
-2249
-1843
-1676
-1765
-2028
-1541
-1243
-813
-539
-1180
-2035
-1741
-1051
-452
-60
-1115
-1754
-1833
-2525
-2991
-3013
-1149
-159
-359
86
1031
1905
1420
859
1101
1449
817
841
1796
1246
42
-118
-506
-876
-1459
-2527
-3487
-3079
-1512
-796
-202
188
-904
-1294
-1375
-1730
-2048
-2054
-2198
-2822
-2441
-1804
-1669
-1445
-1109
37
598
1326
1636
1829
2205
1949
1429
1038
412
-876
-772
-472
-324
225
-906
-1517
-1491
-2069
-2212
-2550
-1909
-539
-283
443
1411
1525
1363
1324
1804
1259
589
243
-28
-1338
-2165
-1334
-639
-971
-1207
-1767
-1454
-818
-1009
-1328
-601
-344
-856
-78
734
-210
-911
-1465
-1514
-1855
-2510
-3666
-4253
-3601
-2724
-2224
-1245
-484
-1176
-1572
-1196
-1176
-1440
-1280
-1925
-3012
-1228
-339
-172
909
443
820
1182
933
1398
1269
1572
2254
1693
1982
2509
2627
2180
2008
1984
1601
684
547
267
-692
-1500
-1565
-1421
-1180
-884
-1269
-1188
-1236
-933
-524
-259
-629
-1236
-1104
-881
-2756
-3001
-2032
-1609
-2007
-2263
-2510
-1688
-1834
-2782
-2833
-1701
-1054
-885
62
837
97
-300
-672
-1184
-2309
-2789
-2562
-2718
-1067
-1125
-1403
-604
-1138
-1769
-2094
-1772
-948
-948
-317
134
637
1819
2141
2364
2460
2774
2941
3060
2590
2300
2254
2094
1252
750
213
-115
-300
-59
-49
-60
-344
-932
-819
-1147
-2053
-2412
-2469
-2235
-2045
-1883
-2092
-1821
-2157
-2459
-1940
-1708
-1339
-1322
-1417
-1741
-2335
-2181
-925
-1279
-2442
-2314
-1065
-191
92
-1429
-1842
-1066
-1402
-1034
-88
-28
156
162
244
952
974
406
-250
22
768
616
884
1368
144
-916
-1054
-1196
-1648
-1524
-2036
-2500
-1766
-360
72
466
594
1198
1572
1540
1416
1326
1166
846
206
-380
-792
-706
-1240
-1840
-1640
-1418
-1276
-1006
-1042
-1230
-1496
-1700
-1614
-1410
-2376
-1870
-686
-674
50
-888
-1176
-1246
-1528
-1646
-1816
-2652
-1950
-1404
118
606
1046
1126
1644
2132
1290
148
554
864
144
236
1044
244
-586
-966
-1212
-1690
-1892
-2124
-2460
-1622
-936
-944
-302
-8
-1248
-1848
-2056
-2160
-2512
-2560
-3006
-3010
-1672
-1746
-1496
-770
2
1128
1460
1614
1924
1886
1896
1236
-210
-620
430
370
696
-240
-960
-922
-1230
-1358
-1582
-2040
-1368
-1278
-638
408
1304
1522
1896
1736
1538
814
878
594
-88
-736
-486
-2072
-2566
-1812
-1302
-1866
-1658
-1044
-174
-28
-900
-1430
-734
-500
-942
-300
60
-906
-1432
-1984
-2208
-2254
-2878
-3852
-3924
-2642
-1726
-978
-232
-42
-1046
-1300
-1256
-1752
-2712
-2798
-2012
-1394
354
174
-568
-184
228
830
1064
948
2232
2388
2692
2712
2888
2974
2958
2744
2366
1500
1112
864
200
-466
-738
-1406
-1960
-1956
-1986
-1902
-1298
-648
-174
-334
-466
-584
-680
-770
-1276
-1686
-2064
-3210
-3182
-2254
-2298
-2412
-2412
-2358
-1530
-1624
-2014
-1410
-682
-542
-362
536
436
-564
-1614
-2204
-1256
-1044
-1050
-2202
-2890
-1856
-1608
-1132
-440
-1472
-900
-798
-572
-96
530
796
540
1322
2168
1608
1609
1642
2139
1786
1862
1716
1603
1613
1062
219
193
541
891
552
121
-140
-385
-538
-947
-1266
-1874
-2327
-2639
-2752
-2497
-2231
-1874
-1843
-1637
-1575
-1571
-774
-811
-731
-949
-1124
-1898
-2518
-2752
-2187
-1265
-1033
-478
-260
-700
-1254
-1894
-1420
-886
-1383
282
1166
817
770
1391
1352
1263
1071
368
-837
-437
197
48
137
400
-755
-1440
-1396
-1777
-2348
-1881
-1550
-1480
99
240
-72
152
669
1144
1097
776
903
778
563
77
-412
-497
-789
-630
-844
-959
-570
-475
-510
-677
-948
-1320
-1923
-2633
-2976
-1452
-965
-104
233
-1074
-1186
-1265
-1189
-1141
-1536
-636
-234
-1461
-1100
258
1297
1127
1292
1418
1322
1144
231
-353
-271
-110
-466
22
559
-638
-1328
-1382
-887
-766
-1040
-1719
-2384
-1616
-918
-800
-501
-788
-1887
-2231
-2429
-2745
-2850
-2554
-2914
-2670
-1302
-840
-230
222
807
1465
1551
1511
1582
784
169
469
752
1222
1236
-17
-404
-738
-968
-841
-1451
-381
-472
-907
-573
122
651
1063
1632
1792
1397
855
520
395
5
-365
-857
-1287
-1447
-2814
-3011
-1926
-1212
-885
-615
-308
-89
-579
-1190
-1208
-911
-1230
-1241
-482
-610
-1759
-1813
-1978
-2200
-2092
-2628
-3129
-2423
-1342
-927
-418
55
-342
-1376
-1970
-2823
-2183
-1475
-1060
-957
-1360
-621
-636
-475
-8
404
1846
2027
2136
2638
3488
3507
3069
3043
3016
2451
1722
1156
820
260
-163
-602
-981
-1379
-2072
-2654
-2317
-1552
-896
-224
32
-242
-675
-714
-554
-1035
-1204
-1751
-2032
-2715
-3577
-3170
-1981
-2105
-2033
-1851
-1234
-415
-823
-1348
-763
-276
-581
-262
20
-1322
-1107
-538
-434
-77
-1275
-2232
-2898
-2443
-1406
-1536
-473
550
-400
-446
317
560
396
816
843
183
1240
1207
993
849
1039
1494
1592
1289
1210
959
1123
1004
951
1160
1085
810
84
-32
-282
-729
-983
-1493
-1811
-2307
-2982
-3121
-2695
-2292
-2077
-1533
-996
-755
-755
-719
-457
-531
-757
-1180
-1425
-3600
-3229
-1626
-519
-213
-1053
-1212
-739
-862
-1386
-2012
-881
40
-111
1016
2272
1671
1416
1343
1506
1093
101
-782
-1319
-849
-593
-614
-6
-247
-1595
-2050
-1990
-1902
-1412
-897
-998
-1230
-239
87
-118
-32
394
649
744
379
418
296
464
-116
-360
-207
-35
231
27
-276
-250
-276
-672
-883
-1663
-2784
-2702
-1804
-1165
-247
-764
-880
-739
-1151
-1097
-1208
-830
-215
-580
-363
266
-505
-309
850
1421
974
554
629
976
188
-851
-1073
-431
-689
-795
-316
-171
-916
-417
-336
-284
-610
-1523
-2157
-2396
-1568
-1340
-1204
-752
-1376
-2540
-2713
-2494
-2726
-2587
-2264
-2228
-1589
-160
-174
243
599
1198
1344
1032
38
749
1562
1537
1759
698
344
343
-284
-536
-783
-771
-28
-308
-57
264
192
48
417
1039
1008
945
1011
823
137
-392
-260
-601
-910
-1373
-1878
-2449
-2905
-1896
-653
-369
-661
-843
-338
-135
-1075
-1768
-1575
-1228
-1631
-1396
-792
-896
-1723
-1770
-1652
-1463
-1317
-1768
-2394
-1638
-802
-772
-306
-450
-2022
-2486
-1394
-1246
-744
-1360
-1692
-1768
-1456
-432
-724
-190
1080
1560
2200
2796
3196
3346
3656
3432
2818
2248
2002
1842
952
212
8
-276
-674
-1070
-1618
-2028
-2226
-1698
-1262
-562
-568
-462
-104
-466
-984
-1114
-1252
-1376
-1802
-2266
-2196
-3114
-3478
-2792
-1802
-1570
-1220
-808
-376
-22
-770
-1220
-662
-930
-2022
-1110
376
-174
216
-640
-1096
-1096
-1568
-2332
-2900
-1854
-456
-386
696
1324
556
514
792
776
594
338
2
-78
648
352
136
380
622
946
734
500
862
1518
1858
1486
1090
786
840
462
-94
-618
-980
-1136
-1638
-2026
-2420
-2570
-2996
-2920
-2410
-1658
-948
-456
-376
-402
-498
-516
-614
-988
-2342
-2342
-1512
-2320
-1368
-1104
-1176
-1208
-1360
-1004
-642
-1032
-712
-818
226
908
1004
2146
2476
1704
1570
850
716
466
-600
-1760
-1952
-1092
-1010
-946
-520
-1244
-1922
-1384
-958
-1010
-1006
-1122
-1224
-1106
-270
-480
-660
-352
122
84
-68
86
252
220
278
230
288
626
616
494
16
-116
-374
-812
-1876
-2054
-1448
-1584
-1144
-1472
-1496
-1176
-984
-684
-786
-1080
-322
-66
66
476
636
610
332
-196
178
610
636
418
40
-48
176
-544
-1426
-1330
-968
-1512
-898
424
504
-136
-158
-546
-616
-850
-1838
-2688
-2668
-1712
-1766
-1468
-1360
-1994
-2612
-2612
-2376
-2186
-1696
-1342
-1432
-770
128
-80
216
324
-36
-12
1032
1280
2072
1948
856
536
344
175
185
-360
237
216
328
633
770
793
657
326
401
-38
422
444
467
164
-135
-449
-739
-687
-1125
-1587
-1643
-873
-1566
-1777
-1003
-614
-695
-695
-754
-609
-708
-1527
-2065
-1723
-1710
-1881
-1144
-708
-1014
-1204
-1117
-669
-709
-851
-1634
-2113
-1355
-1014
-1806
-1406
-563
-1016
-714
-858
-1654
-1576
-1500
-1645
-1550
-600
342
336
865
1848
2615
2998
2949
3326
3416
2991
2342
1959
1682
1049
735
241
-274
-429
-900
-1512
-1418
-1148
-1056
-1312
-1123
-1140
-725
-440
-424
-596
-1038
-1272
-1379
-1678
-1935
-2181
-2286
-2478
-3024
-2689
-1669
-744
-814
-656
-415
-88
-230
-1254
-2003
-1781
-953
-813
673
747
-784
-674
-1020
-1015
-1040
-1670
-1638
-1674
-515
201
860
1678
1314
677
761
351
2
-6
-133
-886
-683
115
-184
-129
-100
138
502
1057
1265
1733
1847
1635
980
850
656
334
-185
-777
-1004
-1399
-1705
-1941
-2016
-2392
-2469
-2374
-2014
-1109
-784
-356
-115
-262
-485
-849
-1298
-1996
-1148
-1158
-767
-1042
-2539
-1979
-1193
-1155
-1085
-1295
6
321
-80
-189
461
1258
1089
1352
2482
1761
887
789
427
-211
-443
-1355
-2254
-2064
-1375
-1632
-1133
-233
-685
-991
-808
-1005
-1285
-971
-1189
-1586
-1370
-659
-944
-964
-640
-281
69
-67
190
524
956
1096
847
889
815
653
332
-309
-1058
-1726
-1174
-933
-572
-682
-1803
-1874
-1793
-1320
-986
-950
216
60
-85
366
1016
1059
909
842
1207
-214
-763
-171
322
-136
-387
-450
-321
-246
-1290
-1968
-1413
-834
-660
306
942
210
-360
-489
-510
-909
-1410
-2346
-2889
-2601
-1965
-1944
-1212
-1323
-1920
-2034
-1692
-1296
-1212
-972
-1074
-1128
-12
-87
-852
-984
114
948
1632
1677
1098
1170
1188
660
576
318
1089
915
585
582
1104
1176
852
963
873
204
-372
-354
-357
-189
-120
-165
-321
-576
-999
-1308
-1143
-1059
-996
-849
-828
-1800
-1881
-924
-585
-1002
-1215
-1101
-864
-1146
-2205
-2349
-1587
-1665
-1665
-504
-87
-351
-297
-492
-444
-510
-1017
-2067
-2658
-2364
-1416
-807
132
42
-1377
-1485
-1428
-1680
-1389
-1497
-1410
-555
375
672
1344
1911
2502
2853
3114
2694
2673
2676
2418
1581
1170
1005
609
264
-504
-837
-948
-894
-756
-579
-768
-1245
-1566
-1209
-1155
-972
-759
-813
-999
-1401
-1752
-1644
-1692
-1860
-2106
-1944
-2097
-2271
-1602
-717
-519
-555
-618
-462
-663
-1692
-2022
-1167
-288
-75
-807
210
-18
-843
-594
-1002
-735
-315
-795
-1398
-591
612
732
1218
1824
912
-12
21
-90
-624
-690
-810
-1155
-921
-399
-777
-573
171
969
1386
1593
1440
1449
1761
1389
633
486
117
-36
-636
-1212
-1464
-1467
-1665
-1881
-1797
-1737
-1656
-1497
-1389
-684
-495
-273
-216
-963
-1737
-1467
-648
-513
-255
-1185
-1101
-2058
-2493
-1566
-1107
-855
-255
-291
507
1194
642
276
903
1374
912
1002
1746
1110
276
-213
-270
-525
-1002
-2022
-2817
-2313
-1341
-816
-69
213
-744
-1206
-924
-1116
-1368
-1244
-1627
-1698
-833
-1011
-1229
-831
-363
-10
401
573
1123
1422
1439
1341
954
882
629
81
-994
-917
-429
-387
-172
-874
-1212
-1412
-1880
-1564
-1564
-973
-3
34
410
789
816
853
1038
1047
550
164
-3
-852
-1134
-606
-310
-585
-747
-717
-669
-841
-1463
-1167
-399
-166
-454
341
638
-99
-470
-785
-983
-1222
-1771
-2815
-3105
-2287
-1791
-1714
-831
-953
-1308
-1078
-1025
-983
-847
-812
-1177
-1291
-1161
-833
-149
299
1368
890
846
912
920
1208
1026
679
1168
1126
1278
1518
1278
1203
1220
1168
774
374
53
-301
-840
-928
-842
-546
-467
-507
-795
-1112
-1085
-509
-379
-381
-776
-1003
-1238
-1891
-1688
-995
-1064
-1264
-1421
-1317
-1232
-1433
-2155
-2050
-1289
-1163
-776
504
280
-171
-105
-350
-525
-1067
-2253
-2963
-1955
-1059
-284
-460
-358
-908
-1516
-1292
-1438
-1435
-568
-601
-514
412
1246
1259
1626
2162
2439
2208
2223
2205
2062
1844
1510
952
695
501
59
-398
-669
-285
-169
-199
-533
-821
-902
-1317
-1469
-1555
-1344
-1142
-1099
-1121
-1512
-1475
-1637
-1532
-1499
-1375
-1252
-686
-1624
-1831
-1001
-448
-637
-868
-1693
-1185
-344
-653
-676
-754
-800
-908
-620
318
-241
-595
-134
-97
19
314
-126
-645
-20
818
773
883
968
133
-416
-640
-828
-994
-1013
-1199
-1621
-734
-571
-228
335
935
1189
1231
1310
1343
1345
1208
714
272
101
-284
-700
-873
-1214
-1364
-1247
-1305
-1138
-882
-1148
-1341
-1050
-973
-634
-618
-1213
-1186
-640
-651
-128
-485
-985
-1144
-1328
-1278
-2009
-2155
-492
-148
-49
349
740
1237
1280
627
454
570
619
394
734
803
143
-75
-549
-637
-998
-1617
-2302
-1982
-1081
-457
-424
-97
-298
-916
-1078
-1204
-1506
-1507
-1546
-2024
-1957
-1148
-1142
-1126
-709
153
531
1015
1070
1343
1524
1410
965
500
-199
-523
88
-53
197
-118
-842
-936
-1089
-1281
-1528
-1752
-824
-642
-23
609
993
1120
1059
978
1186
609
450
95
-179
-939
-1521
-1206
-711
-702
-1037
-1314
-911
-253
-288
-850
-736
-422
-493
-389
391
18
-752
-785
-1117
-1426
-1749
-2184
-2936
-2803
-1916
-1436
-886
-103
-620
-919
-777
-878
-1052
-1112
-1772
-2187
-1071
-196
249
259
103
559
614
734
854
887
1750
1575
1302
1688
1929
1946
1722
1446
1394
892
619
290
55
-627
-988
-1115
-1231
-896
-985
-1015
-768
-568
-327
-369
-167
-552
-649
-831
-659
-1750
-2273
-1617
-1186
-1491
-1697
-1664
-1274
-1256
-1539
-1800
-1258
-493
-620
-109
696
162
-285
-610
-1304
-1641
-1162
-1514
-1519
-1249
-1210
-999
-647
-462
-1070
-1495
-577
-596
-505
3
330
386
1344
1537
1498
1360
1672
1889
1862
1427
1526
1498
1304
1015
383
38
38
186
89
34
-11
-230
-639
-623
-841
-1297
-1818
-1721
-1732
-1601
-1476
-1378
-1274
-1520
-1487
-1228
-1024
-717
-880
-811
-838
-1613
-1715
-987
-1193
-1787
-993
-734
115
-40
-1184
-1350
-915
-800
-849
-377
847
263
263
362
712
722
365
-136
-346
-79
272
305
596
2
-623
-804
-956
-1110
-1265
-1451
-1516
-1047
-133
86
250
318
816
1065
1124
908
858
932
756
166
-188
-247
-351
-668
-801
-815
-782
-484
-624
-599
-776
-1113
-1252
-1253
-1601
-1634
-847
-412
-3
-85
-905
-686
-820
-964
-1098
-1313
-907
-1371
-1089
167
647
703
690
943
1383
764
-66
-7
321
-43
-129
522
266
-356
-576
-1022
-1000
-839
-1147
-1708
-1407
-878
-718
-352
10
-782
-1404
-1369
-1522
-1862
-1800
-1870
-2015
-1695
-944
-853
-405
153
871
1064
1239
1214
1387
1391
583
-139
232
524
790
578
-406
-498
-625
-795
-873
-1079
-595
-838
-866
-353
387
755
969
1203
1123
725
415
474
191
-199
-561
-726
-1502
-1877
-1378
-1113
-1065
-947
-627
-200
140
-501
-1082
-625
-354
-772
-572
126
-482
-1045
-1397
-1402
-1433
-1746
-2218
-2621
-1943
-952
-676
-197
23
-710
-940
-936
-1418
-2102
-1354
-1075
-920
266
-315
-394
-137
258
726
718
989
1632
1747
2022
2298
2068
2022
2009
1877
1284
844
680
425
-134
-353
-557
-1060
-1422
-1482
-1579
-1208
-726
-371
-18
-146
-449
-540
-391
-549
-1032
-1144
-1408
-2224
-2475
-1734
-1467
-1537
-1577
-1518
-866
-734
-976
-1027
-509
-315
-399
178
455
-547
-1312
-938
-568
-478
-515
-1836
-2136
-1489
-1147
-795
-504
-428
-513
-554
-266
90
345
449
384
633
1037
935
940
1068
1296
1285
1354
1122
1095
1020
780
393
375
600
693
564
141
-192
-156
-321
-750
-864
-1113
-1590
-1890
-1851
-1827
-1416
-1188
-1110
-921
-864
-687
-378
-483
-408
-642
-738
-1155
-2025
-2370
-1191
-576
-474
-180
-588
-363
-630
-1236
-1020
-750
-567
-21
636
873
759
930
759
831
747
126
-738
-696
-132
-180
-123
195
-423
-975
-1128
-1332
-1479
-1167
-852
-855
-384
36
-144
192
285
648
708
651
594
546
525
189
9
-192
-246
-189
-279
-291
-186
-303
-285
-462
-522
-867
-1407
-2118
-1671
-843
-426
96
-348
-630
-666
-912
-576
-834
-711
-429
-516
-804
-645
-78
675
744
795
606
564
759
216
-516
-366
-141
-423
-207
327
-372
-771
-795
-447
-315
-468
-1140
-1749
-1200
-735
-780
-447
-381
-1182
-1539
-1587
-1815
-1803
-1629
-1722
-1689
-567
-306
-90
129
567
1041
1146
1029
873
375
669
921
723
1068
396
66
-132
-480
-432
-618
-777
-237
-360
-396
-270
6
171
612
972
870
732
495
291
12
-150
-312
-654
-855
-693
-1935
-2091
-1143
-507
-429
-312
-420
-213
-84
-711
-1104
-735
-750
-978
-507
-303
-1002
-1083
-1245
-1308
-1185
-1371
-1710
-1716
-1119
-585
-363
18
-279
-1107
-1749
-1605
-1071
-945
-384
-960
-1110
-360
-396
-210
-126
543
1248
1404
1596
2130
2346
2391
2148
2004
1851
1440
1167
843
396
6
-132
-462
-675
-861
-1491
-1746
-1491
-963
-453
-99
-156
-213
-288
-507
-540
-699
-930
-1154
-1289
-1725
-2295
-2053
-1277
-1223
-1186
-994
-641
-103
-356
-709
-595
-255
-333
-583
-452
-410
-374
-189
6
-412
-843
-1175
-1799
-1599
-1056
-788
-58
292
-16
18
179
230
224
442
338
-94
183
636
420
339
419
845
830
854
620
653
829
933
885
822
676
493
300
-96
-220
-463
-714
-917
-1043
-1428
-1844
-1822
-1725
-1443
-1164
-741
-501
-323
-389
-428
-196
-365
-476
-853
-1508
-1906
-1661
-1202
-71
-467
-799
-735
-622
-290
-737
-1162
-289
-16
-16
594
1422
1110
857
783
734
401
130
-442
-1098
-937
-484
-464
-237
-92
-920
-1316
-1151
-904
-800
-520
-677
-899
-28
-19
-132
-43
67
436
486
285
246
389
420
158
13
150
181
275
84
-32
-64
-183
-333
-677
-1245
-1636
-1276
-1125
-597
-588
-755
-493
-436
-532
-693
-755
-115
-181
-236
0
463
-364
-353
250
767
313
273
218
299
86
-462
-713
-501
-422
-733
-386
114
-167
-140
-208
-248
-437
-765
-1282
-1606
-1187
-957
-827
-548
-727
-1521
-1558
-1516
-1668
-1524
-1181
-1194
-924
-125
45
156
268
566
709
372
190
828
1086
1438
964
356
365
213
44
-187
-414
28
8
-60
165
309
67
-12
162
349
355
493
460
363
-101
-275
-196
-444
-587
-986
-1233
-1184
-1575
-1229
-373
-239
-514
-490
-369
-136
-516
-1133
-1091
-807
-1013
-1103
-452
-474
-1030
-853
-858
-732
-550
-983
-1423
-1263
-744
-556
-404
-616
-1216
-1028
-838
-444
-688
-1014
-924
-1140
-790
-280
-360
322
506
1020
1508
1820
1928
2054
2216
2086
1566
1332
1184
982
424
112
-14
-274
-404
-750
-1002
-1088
-1088
-916
-742
-418
-400
-230
-150
-234
-526
-808
-672
-894
-1104
-1430
-1456
-1876
-2182
-1724
-914
-834
-554
-514
-236
20
-398
-780
-614
-768
-1186
-388
292
268
-98
-484
-564
-658
-860
-1260
-1780
-814
-344
-160
466
960
448
264
422
416
56
112
-46
-298
184
182
50
86
306
480
388
462
812
990
1208
1052
670
540
470
376
-96
-440
-552
-714
-974
-1230
-1326
-1486
-1832
-1670
-1334
-944
-554
-278
-96
-200
-382
-410
-434
-918
-1346
-928
-558
-1072
-1062
-1124
-614
-738
-770
-660
-510
116
-300
-440
226
636
634
1124
1572
1102
656
402
344
162
-486
-988
-1310
-954
-654
-690
-552
-482
-838
-780
-576
-592
-720
-670
-756
-824
-286
-370
-344
-304
-164
30
104
94
168
340
444
336
456
502
462
360
78
-68
-248
-768
-1296
-914
-698
-702
-752
-1148
-994
-758
-600
-416
-510
-54
-130
-40
256
486
404
338
392
-178
-294
112
294
92
-116
-158
40
-344
-814
-930
-802
-742
-586
240
494
-12
-110
-340
-336
-460
-1058
-1690
-1634
-1216
-1184
-1060
-776
-988
-1572
-1430
-1316
-1248
-854
-708
-828
-586
-32
-8
42
-142
-196
396
772
968
1278
832
670
422
260
304
102
456
200
210
278
504
446
412
313
108
-176
-192
66
63
91
45
-45
-346
-511
-484
-818
-798
-869
-716
-839
-1183
-965
-406
-369
-465
-612
-464
-366
-844
-1306
-1127
-934
-1022
-780
-190
-419
-582
-321
-322
-357
-414
-930
-1372
-1092
-923
-1242
-501
-52
-498
-460
-887
-945
-1018
-920
-879
-1112
-125
255
230
597
1179
1626
1802
1863
2029
1834
1788
1536
1210
901
665
565
175
-151
-324
-582
-668
-709
-586
-599
-833
-895
-826
-444
-425
-392
-324
-573
-804
-936
-947
-1119
-1142
-1320
-1096
-1759
-1682
-961
-372
-437
-374
-330
-88
-162
-903
-1522
-867
-352
-338
400
340
-275
-418
-638
-496
-692
-795
-915
-1130
-443
219
422
862
943
379
162
-2
-124
-180
-274
-585
-635
-15
-67
-244
-172
107
509
884
981
1188
1115
1044
836
599
388
266
7
-316
-626
-817
-969
-1085
-1170
-1236
-1307
-1393
-1041
-752
-499
-204
-110
-88
-311
-733
-1082
-837
-523
-538
-370
-840
-1576
-1408
-928
-546
-734
-545
-85
164
132
59
152
591
683
759
1182
1082
456
430
36
-158
-295
-795
-1387
-1507
-1092
-913
-581
-17
-109
-552
-634
-716
-724
-711
-808
-1024
-973
-426
-517
-527
-479
15
161
234
353
637
862
928
681
649
631
532
199
-305
-832
-687
-413
-455
-190
-800
-1166
-1184
-1158
-746
-714
-433
115
74
102
294
622
491
532
398
222
-258
-693
-440
-114
-208
-318
-395
-317
-177
-740
-1032
-693
-258
-243
78
450
228
-117
-156
-390
-495
-711
-1242
-1680
-1623
-1158
-1014
-693
-564
-822
-1014
-801
-672
-738
-528
-537
-669
-453
-195
-621
-375
279
633
1074
687
678
759
759
666
339
372
639
612
468
564
624
573
561
465
315
-39
-330
-333
-471
-288
-249
-147
-150
-327
-633
-717
-486
-393
-351
-426
-315
-996
-1107
-732
-435
-567
-681
-666
-537
-552
-1134
-1266
-909
-834
-858
-240
234
-69
-204
-249
-186
-291
-504
-1248
-1845
-1311
-615
-438
228
-45
-807
-834
-852
-840
-912
-726
-486
-486
297
627
696
942
1290
1572
1638
1401
1470
1476
1332
876
660
555
381
195
-219
-438
-426
-258
-306
-291
-423
-690
-828
-804
-711
-585
-528
-468
-501
-750
-981
-870
-888
-969
-1038
-957
-828
-1140
-1095
-522
-231
-354
-387
-423
-630
-762
-759
-723
3
-279
-567
84
111
-318
-321
-438
-108
-180
-435
-561
-510
114
360
519
846
420
-78
-117
-252
-528
-495
-534
-780
-675
-252
-384
-246
153
684
888
900
816
999
978
900
495
246
180
57
-240
-684
-645
-753
-882
-894
-795
-852
-807
-906
-729
-417
-336
-207
-243
-621
-789
-516
-300
-135
-396
-774
-780
-1071
-1371
-1104
-639
-171
-207
-75
306
687
375
126
291
594
285
498
900
594
3
-18
-174
-375
-531
-1134
-1638
-1407
-612
-396
-15
126
-354
-660
-615
-684
-864
-846
-927
-1095
-951
-600
-618
-460
-300
48
350
440
666
784
926
800
536
466
252
-132
-444
-200
-160
32
-156
-608
-624
-800
-1002
-962
-928
-234
-128
130
428
498
452
484
636
548
210
60
162
-488
-872
-528
-216
-400
-466
-568
-496
-346
-552
-584
-208
-86
-330
88
376
10
-320
-548
-542
-694
-972
-1536
-1718
-1436
-1068
-904
-432
-296
-518
-632
-518
-528
-576
-504
-694
-1092
-636
-216
-96
360
492
388
552
464
598
676
632
790
680
742
900
962
820
696
732
668
298
180
50
-216
-624
-592
-552
-416
-294
-392
-496
-522
-446
-232
-160
-206
-442
-528
-568
-1032
-1106
-780
-582
-738
-868
-872
-638
-686
-1196
-1120
-632
-558
-382
184
338
-76
-88
-248
-358
-724
-1172
-1272
-1192
-442
-324
-548
-158
-408
-738
-740
-806
-458
-368
-226
-186
178
732
744
874
1060
1178
1204
1226
1112
1000
1016
928
528
394
214
0
-74
-182
-110
-56
-118
-314
-414
-536
-736
-938
-958
-742
-722
-690
-682
-710
-822
-968
-744
-712
-662
-596
-584
-734
-996
-802
-368
-398
-748
-1002
-416
-128
-210
-430
-740
-382
-504
-434
164
-54
32
56
38
174
288
-52
-360
-158
392
234
332
538
102
-432
-400
-462
-680
-598
-770
-1024
-706
-126
-78
158
450
606
698
722
696
670
626
480
134
-26
-186
-252
-414
-680
-628
-622
-558
-476
-468
-542
-668
-746
-664
-486
-716
-818
-406
-252
-179
-145
-351
-449
-544
-676
-451
-1077
-860
-453
-43
53
228
308
548
675
284
-52
90
235
53
323
516
183
-172
-317
-387
-604
-706
-1101
-1141
-763
-307
-331
-29
3
-445
-699
-741
-788
-890
-899
-1071
-1090
-484
-500
-454
-197
148
546
734
719
862
881
912
606
178
-43
139
212
229
103
-255
-339
-504
-548
-563
-810
-612
-517
-404
-43
364
484
538
499
420
300
234
115
-107
-293
-423
-889
-964
-549
-412
-660
-602
-437
-76
-19
-435
-547
-229
-205
-309
122
115
-252
-402
-618
-735
-818
-1020
-1536
-1526
-1069
-668
-415
30
-153
-468
-490
-496
-642
-785
-1011
-893
-572
2
151
-95
53
386
460
613
518
777
1067
1076
901
1027
1108
1034
947
699
500
338
228
21
-149
-391
-593
-796
-733
-716
-604
-442
-277
-148
-155
-219
-171
-300
-284
-493
-646
-892
-1276
-1098
-738
-755
-842
-820
-680
-502
-581
-876
-607
-194
-273
-164
414
266
-170
-361
-742
-623
-444
-622
-908
-1127
-627
-558
-432
-75
-522
-639
-349
-332
-307
35
130
10
315
755
602
570
796
996
899
849
839
877
851
628
252
197
219
340
253
84
-43
-180
-180
-363
-542
-700
-953
-1022
-1058
-843
-835
-636
-568
-662
-625
-580
-311
-314
-399
-436
-266
-822
-1067
-873
-798
-687
-427
-302
108
-120
-626
-782
-600
-320
-522
-127
571
268
173
283
418
354
301
-79
-359
-257
67
76
147
107
-305
-481
-519
-652
-800
-731
-700
-560
49
125
24
77
402
529
536
461
453
464
413
187
-103
-57
-144
-247
-309
-353
-215
-186
-331
-282
-337
-490
-703
-793
-1071
-672
-279
-174
107
-284
-465
-400
-439
-415
-618
-511
-317
-696
-541
99
397
305
377
453
586
394
-30
-113
-21
-75
-181
233
230
-128
-348
-507
-427
-337
-420
-799
-914
-636
-312
-290
-80
-297
-702
-775
-819
-955
-1020
-904
-1047
-963
-442
-311
-130
157
439
600
707
672
697
593
269
154
323
372
541
108
-129
-225
-348
-338
-506
-476
-304
-437
-394
-87
131
319
517
592
523
275
159
231
0
-166
-342
-434
-708
-1024
-957
-627
-462
-358
-255
-65
17
-209
-494
-458
-311
-402
-441
16
-161
-549
-644
-673
-732
-851
-1018
-1277
-1033
-532
-392
-163
105
-238
-521
-646
-963
-993
-545
-475
-355
-365
-206
-197
-145
149
299
441
781
801
1013
1299
1267
1068
1098
1096
975
632
411
343
145
-75
-237
-301
-540
-737
-908
-907
-642
-330
-94
33
-108
-230
-235
-199
-381
-486
-679
-549
-1113
-1368
-1092
-722
-788
-823
-738
-408
-200
-329
-588
-320
-105
-238
-63
224
-403
-573
-353
-223
-61
-414
-902
-1149
-957
-523
-499
-238
137
-235
-265
46
98
95
234
235
135
479
475
399
397
502
624
672
566
603
499
458
387
276
399
383
249
53
-24
-115
-195
-408
-536
-606
-785
-1039
-1074
-953
-806
-692
-577
-409
-392
-278
-260
-177
-190
-334
-393
-546
-1158
-1235
-508
-274
-120
-294
-456
-212
-308
-580
-629
-438
-30
-93
311
660
556
521
474
514
399
65
-332
-417
-258
-176
-150
2
-191
-501
-630
-722
-715
-510
-342
-367
-339
-61
-28
5
51
252
240
276
211
166
144
157
-38
-186
-109
-37
-56
-27
-110
-99
-124
-248
-303
-522
-936
-1114
-646
-502
-108
-84
-324
-266
-390
-418
-347
-420
-123
-231
-151
-144
-227
-1
384
484
436
215
256
381
148
-332
-294
-118
-266
-273
48
-168
-367
-192
-144
-140
-243
-529
-856
-754
-501
-456
-414
-225
-569
-878
-918
-909
-974
-930
-840
-830
-530
-93
-86
75
206
442
488
408
138
104
482
506
534
414
118
100
-84
-227
-226
-330
-45
-126
-43
0
19
56
144
364
460
393
376
261
130
-110
-72
-178
-338
-447
-462
-984
-1069
-601
-186
-170
-179
-289
-94
-40
-302
-624
-540
-393
-559
-494
-228
-429
-615
-744
-624
-578
-617
-681
-902
-631
-304
-272
-94
-99
-750
-970
-592
-516
-300
-318
-620
-625
-228
-185
-178
-139
441
612
761
903
1159
1262
1284
1246
1066
879
748
609
388
76
20
-70
-308
-351
-509
-780
-859
-649
-503
-236
-77
-117
-119
-172
-278
-355
-432
-483
-679
-803
-936
-1233
-1275
-908
-654
-620
-539
-346
-92
-73
-302
-449
-238
-255
-568
-454
50
-114
-19
-126
-386
-421
-610
-887
-982
-763
-156
-90
197
249
154
182
228
235
290
153
-2
21
274
112
140
191
352
405
373
216
341
539
607
517
439
351
253
179
-2
-205
-349
-393
-583
-713
-887
-1011
-1089
-1046
-892
-626
-419
-214
-136
-175
-200
-167
-200
-333
-706
-941
-839
-882
-613
-131
-416
-439
-460
-414
-184
-397
-312
-219
47
159
382
804
792
583
608
376
250
117
-169
-716
-634
-361
-356
-249
-155
-564
-718
-523
-449
-419
-295
-375
-521
-295
-53
-181
-175
-94
112
73
43
38
129
142
116
37
79
218
230
111
-2
-71
-110
-220
-616
-833
-695
-636
-487
-371
-501
-425
-322
-294
-289
-415
-108
3
-38
87
178
228
-34
-119
224
334
220
141
71
55
85
-187
-524
-375
-323
-564
-334
87
31
-65
-109
-159
-251
-337
-641
-992
-871
-604
-602
-484
-509
-850
-940
-912
-886
-869
-668
-520
-490
-33
30
-23
106
212
207
1
253
504
644
799
381
181
174
78
59
-162
108
75
70
37
274
306
170
91
176
82
154
268
203
139
-47
-163
-260
-267
-398
-644
-658
-621
-788
-725
-283
-189
-314
-259
-281
-182
-248
-592
-764
-628
-615
-748
-424
-270
-524
-509
-476
-311
-286
-435
-672
-782
-518
-364
-495
-558
-401
-486
-418
-160
-555
-550
-505
-630
-480
-285
-100
175
280
615
910
1080
1060
1175
1245
1070
830
710
655
430
245
90
-50
-185
-300
-520
-560
-490
-495
-455
-335
-360
-295
-105
-145
-235
-335
-470
-470
-590
-680
-865
-835
-995
-1175
-1020
-535
-320
-275
-285
-155
5
-130
-405
-590
-695
-560
-245
150
310
-210
-270
-340
-420
-405
-675
-760
-470
-220
25
365
630
395
305
360
260
50
90
50
-190
-150
35
-30
-30
-55
55
95
215
400
560
655
495
295
310
225
70
-80
-305
-370
-515
-625
-790
-740
-875
-970
-915
-750
-420
-270
-170
-60
-95
-145
-255
-335
-745
-620
-430
-330
-370
-795
-720
-375
-445
-385
-455
-225
125
-75
-140
260
490
395
610
925
660
355
260
230
35
-180
-455
-705
-610
-425
-540
-390
-215
-355
-335
-240
-340
-445
-300
-390
-545
-195
-270
-330
-300
-270
-175
-45
-70
-20
90
225
260
265
235
250
210
70
-75
-275
-610
-595
-350
-320
-200
-620
-685
-575
-500
-300
-345
-225
15
-55
55
325
415
295
340
485
-10
-195
115
220
-5
-115
-150
-70
-145
-415
-650
-510
-365
-270
85
295
-5
-145
-140
-195
-335
-530
-860
-1000
-820
-730
-755
-515
-615
-875
-795
-655
-570
-440
-370
-375
-280
-25
-40
-175
-405
-215
280
415
630
460
320
350
140
120
45
70
280
175
210
390
450
375
415
415
200
-40
0
30
25
-15
-40
-65
-230
-330
-415
-510
-440
-385
-300
-275
-645
-640
-215
-220
-370
-405
-445
-305
-515
-810
-875
-640
-660
-685
-315
-205
-280
-135
-210
-165
-200
-415
-690
-820
-865
-725
-290
-25
-20
-410
-575
-530
-640
-500
-525
-575
-115
105
240
535
695
950
1070
1150
1095
990
975
870
615
410
320
245
25
-155
-335
-435
-425
-335
-210
-255
-425
-535
-415
-320
-305
-290
-345
-405
-500
-675
-690
-690
-730
-855
-795
-885
-915
-570
-245
-200
-180
-215
-155
-160
-720
-855
-395
-200
-20
-90
-10
-130
-345
-260
-345
-405
-150
-385
-475
-125
270
355
575
720
355
95
105
35
-140
-200
-275
-395
-95
-120
-240
-255
-70
280
470
520
525
480
520
415
230
130
-35
-60
-285
-490
-630
-600
-665
-785
-730
-715
-740
-560
-455
-255
-165
-115
-85
-270
-625
-670
-305
-275
-160
-360
-435
-800
-875
-580
-370
-445
-100
-85
160
340
265
220
455
560
495
525
680
370
160
-40
-80
-155
-430
-705
-935
-785
-550
-305
0
35
-300
-405
-360
-400
-465
-475
-640
-660
-380
-455
-500
-395
-260
-155
0
115
260
445
470
385
340
275
215
10
-395
-580
-300
-200
-80
-195
-505
-615
-720
-645
-560
-455
0
40
160
255
350
430
470
485
380
180
90
-270
-295
-115
-105
-190
-290
-290
-260
-480
-630
-425
-125
-95
-70
105
110
-110
-135
-310
-430
-475
-760
-1115
-1145
-865
-770
-700
-440
-470
-610
-440
-410
-405
-315
-330
-430
-340
-450
-550
-155
25
470
460
240
275
295
345
305
135
415
400
440
510
515
555
515
540
455
270
110
-65
-190
-315
-185
-180
-175
-160
-305
-495
-495
-265
-175
-160
-240
-335
-495
-695
-570
-340
-455
-490
-560
-565
-550
-720
-895
-795
-580
-545
-335
125
-10
-110
-60
-150
-205
-375
-860
-1240
-735
-400
-175
-25
-190
-465
-580
-540
-530
-645
-195
-215
-200
345
550
575
695
880
1070
965
885
885
815
675
550
370
230
150
25
-280
-315
-205
-150
-95
-160
-270
-400
-520
-535
-550
-505
-470
-450
-495
-635
-700
-710
-705
-665
-605
-605
-325
-670
-660
-380
-190
-245
-310
-560
-630
-270
-390
-315
-60
-340
-380
-150
10
-195
-345
-35
-5
10
10
-50
-105
175
400
495
495
425
60
-45
-220
-280
-325
-375
-475
-575
-375
-295
-105
55
295
480
465
390
495
470
375
135
40
-60
-200
-330
-495
-555
-640
-590
-625
-530
-395
-485
-525
-420
-380
-235
-225
-450
-630
-440
-305
-95
-45
-380
-495
-535
-580
-820
-840
-180
-30
-50
135
365
580
470
320
375
395
295
250
465
390
10
-20
-210
-265
-405
-765
-955
-895
-405
-215
-65
25
-155
-375
-400
-500
-645
-615
-660
-845
-820
-550
-520
-495
-345
-75
110
340
410
490
560
460
355
240
-5
-320
-185
-140
30
30
-325
-415
-445
-560
-615
-740
-295
-130
-40
170
465
535
455
455
560
345
230
105
-15
-280
-570
-455
-245
-290
-405
-565
-420
-230
-275
-345
-170
-115
-245
-55
165
-100
-285
-350
-480
-595
-740
-1040
-1210
-1055
-770
-665
-375
-115
-250
-405
-325
-330
-400
-380
-620
-955
-305
-105
-25
255
30
160
260
215
335
265
460
605
495
575
750
840
670
635
655
435
295
185
105
-160
-395
-420
-455
-345
-385
-415
-350
-330
-255
-160
-80
-190
-305
-300
-260
-700
-835
-675
-505
-635
-700
-765
-575
-590
-800
-805
-495
-265
-250
25
250
5
-90
-225
-425
-745
-730
-690
-705
-265
-395
-435
-210
-265
-495
-620
-435
-225
-200
-35
125
230
575
670
695
710
700
815
840
655
605
585
545
305
120
-25
-80
-40
-25
-5
0
-115
-280
-225
-320
-530
-680
-715
-675
-645
-615
-655
-570
-675
-715
-605
-495
-340
-350
-390
-340
-635
-585
-355
-450
-780
-600
-290
-30
40
-475
-585
-335
-395
-305
-90
100
65
65
125
335
400
170
10
25
250
200
270
400
110
-260
-300
-335
-475
-480
-630
-725
-560
-95
25
145
145
270
430
415
310
335
275
165
-20
-185
-295
-260
-365
-550
-480
-420
-340
-270
-300
-325
-415
-480
-470
-480
-770
-500
-190
-130
25
-340
-350
-375
-460
-475
-570
-640
-520
-370
25
285
385
370
530
690
395
70
110
260
35
60
270
135
-180
-215
-425
-500
-480
-585
-675
-525
-280
-305
-55
-15
-340
-555
-610
-670
-775
-785
-910
-900
-760
-545
-460
-240
15
295
395
450
535
525
520
255
-190
-85
120
175
240
-160
-270
-285
-395
-395
-505
-520
-360
-335
-175
230
365
480
600
575
440
255
295
200
-25
-210
-155
-540
-730
-535
-450
-555
-460
-285
-40
55
-270
-445
-175
-165
-340
-125
-40
-335
-475
-630
-710
-690
-795
-1130
-1170
-760
-465
-300
-80
-10
-235
-360
-365
-575
-885
-785
-530
-425
145
-45
-230
-80
10
210
230
270
640
655
800
870
870
870
895
865
670
425
355
275
40
-125
-225
-370
-575
-575
-670
-565
-415
-175
-40
-55
-170
-225
-160
-240
-385
-510
-630
-900
-940
-775
-735
-725
-730
-715
-495
-475
-545
-435
-205
-150
-150
150
170
-220
-580
-625
-320
-290
-245
-705
-910
-540
-500
-375
-175
-275
-230
-230
-105
90
215
280
240
375
615
455
470
520
590
530
530
460
440
425
255
25
15
160
270
225
-5
-90
-85
-185
-305
-405
-610
-715
-835
-885
-835
-715
-635
-625
-540
-490
-460
-200
-255
-215
-270
-330
-500
-805
-940
-700
-345
-305
-90
-170
-245
-395
-610
-495
-315
-405
75
335
365
305
480
445
465
445
125
-235
-175
95
0
45
100
-160
-455
-460
-570
-740
-605
-455
-385
-170
30
-70
25
170
270
290
185
180
170
105
-70
-180
-220
-315
-240
-235
-280
-145
-165
-150
-195
-275
-380
-630
-905
-965
-400
-285
25
-10
-345
-375
-425
-335
-390
-465
-195
-75
-315
-245
145
410
425
465
480
400
420
105
-100
-135
-50
-160
-10
115
-170
-440
-450
-260
-175
-230
-515
-750
-555
-295
-325
-180
-275
-545
-715
-790
-900
-885
-830
-940
-840
-380
-245
-105
40
245
420
460
415
370
100
10
180
220
430
285
-45
-145
-270
-275
-290
-440
-110
-145
-175
-90
105
215
385
550
590
440
310
190
120
-45
-125
-260
-395
-445
-840
-935
-595
-310
-210
-165
-100
-35
-90
-375
-435
-300
-405
-460
-195
-255
-545
-580
-665
-730
-670
-715
-950
-775
-420
-265
-175
20
-130
-420
-705
-870
-600
-455
-175
-360
-535
-205
-240
-175
-45
85
520
590
655
880
1095
1140
975
965
950
750
590
355
245
20
-50
-180
-305
-425
-630
-830
-710
-490
-265
-65
0
-80
-200
-240
-200
-350
-465
-575
-675
-910
-1185
-1015
-740
-745
-685
-590
-415
-135
-275
-395
-295
-135
-205
-230
-140
-425
-305
-190
-65
-50
-455
-695
-910
-820
-470
-505
-10
160
5
-15
195
260
220
345
370
110
195
390
290
165
305
410
390
350
265
175
280
350
270
335
310
225
55
-45
-92
-213
-335
-427
-527
-687
-840
-883
-823
-676
-565
-387
-272
-197
-179
-193
-100
-191
-229
-367
-479
-978
-867
-474
-101
-101
-349
-357
-219
-190
-398
-580
-127
10
-20
358
678
562
412
381
426
253
86
-258
-439
-363
-179
-180
-52
-77
-420
-626
-556
-444
-400
-268
-306
-360
-40
7
-40
-33
70
188
212
103
110
122
156
-36
-60
-18
11
93
36
-54
-40
-116
-204
-259
-549
-808
-712
-514
-311
-111
-264
-255
-219
-300
-313
-364
-37
-65
-140
-27
88
-108
-91
236
401
218
151
157
236
102
-255
-315
-227
-207
-323
-116
-21
-173
-107
-108
-96
-190
-375
-653
-710
-549
-440
-397
-228
-422
-715
-763
-724
-800
-715
-623
-634
-417
-59
-24
52
165
346
371
254
22
288
476
554
479
166
135
99
-20
-148
-239
-160
-10
-60
-1
88
77
14
121
211
228
251
277
191
17
-120
-80
-212
-272
-438
-564
-691
-813
-542
-183
-121
-205
-262
-98
-45
-244
-518
-517
-368
-497
-509
-198
-254
-490
-482
-458
-409
-337
-449
-714
-593
-260
-236
-174
-176
-624
-582
-409
-326
-240
-454
-470
-541
-431
-113
-219
-15
345
515
654
863
964
1019
1111
1063
819
666
587
540
272
60
0
-85
-207
-363
-499
-591
-608
-507
-383
-189
-185
-147
-28
-137
-259
-333
-336
-427
-557
-679
-643
-934
-1075
-802
-509
-449
-317
-249
-103
2
-250
-376
-267
-326
-624
-334
154
74
60
-255
-290
-331
-466
-622
-899
-595
-135
-112
169
403
224
122
216
228
124
64
-3
-60
172
99
40
95
206
252
236
199
318
498
592
546
332
258
267
153
-36
-178
-276
-352
-504
-599
-713
-760
-900
-842
-719
-471
-232
-139
-103
-112
-155
-156
-177
-345
-724
-604
-436
-640
-435
-400
-327
-358
-401
-322
-208
-130
-215
-247
29
273
309
632
739
563
429
224
204
110
-163
-561
-626
-425
-304
-289
-204
-346
-507
-399
-288
-284
-323
-335
-378
-337
-131
-144
-176
-132
46
47
22
70
112
124
206
119
154
251
207
168
87
-31
-112
-290
-608
-529
-416
-455
-330
-515
-517
-348
-301
-212
-253
-271
-92
-12
44
188
194
157
69
-89
-6
149
179
107
-38
-26
39
-116
-434
-409
-349
-433
-317
166
174
6
-58
-170
-153
-257
-521
-834
-825
-592
-544
-498
-404
-580
-758
-761
-698
-636
-466
-362
-437
-227
32
-11
33
65
-33
54
359
440
675
539
323
187
114
140
52
-16
88
56
119
253
237
247
189
116
49
-51
79
127
109
44
-61
-131
-249
-224
-399
-493
-519
-259
-506
-591
-366
-205
-193
-237
-321
-199
-230
-423
-684
-603
-554
-580
-438
-186
-298
-357
-311
-182
-227
-270
-458
-691
-539
-363
-628
-431
-121
-300
-220
-356
-520
-508
-496
-475
-520
-136
123
96
279
658
852
942
971
1066
1054
936
814
632
514
347
229
84
-94
-156
-309
-468
-439
-349
-336
-416
-406
-407
-228
-152
-167
-187
-340
-403
-440
-513
-629
-680
-712
-776
-968
-907
-496
-207
-262
-205
-162
-16
-74
-443
-703
-551
-251
-243
210
179
-185
-203
-336
-280
-350
-515
-462
-574
-241
84
267
472
426
233
169
56
-4
-23
-91
-278
-245
-11
-64
-56
-60
82
191
386
482
584
584
518
380
278
223
123
-44
-173
-315
-444
-574
-600
-637
-764
-783
-752
-611
-417
-252
-105
-52
-69
-159
-293
-468
-588
-316
-358
-207
-419
-825
-638
-395
-305
-365
-390
-59
91
64
-46
135
347
351
423
778
526
286
242
106
-68
-165
-377
-742
-701
-520
-516
-354
-44
-168
-306
-301
-362
-400
-330
-382
-517
-439
-216
-295
-299
-275
-33
18
11
108
263
379
423
283
310
308
236
100
-128
-388
-513
-299
-283
-117
-299
-612
-603
-595
-425
-325
-275
41
3
49
139
320
309
291
253
228
-122
-299
-78
71
-93
-145
-177
-107
-82
-375
-656
-459
-184
-168
14
306
38
-105
-175
-182
-307
-474
-706
-967
-879
-700
-628
-463
-449
-632
-652
-552
-412
-412
-308
-307
-364
-20
-57
-348
-333
106
316
578
491
338
383
380
310
180
110
351
293
240
258
380
399
292
333
293
48
-124
-118
-139
-148
-44
-67
-107
-192
-335
-436
-369
-279
-320
-256
-284
-600
-655
-320
-207
-333
-409
-406
-292
-402
-690
-763
-583
-571
-547
-222
-17
-97
-132
-148
-120
-206
-355
-642
-954
-853
-404
-269
64
-54
-487
-502
-484
-520
-475
-495
-262
-197
145
288
468
604
842
951
1028
878
876
872
786
492
386
335
203
88
-105
-311
-304
-204
-240
-193
-264
-415
-520
-423
-397
-343
-305
-296
-337
-487
-585
-528
-568
-636
-670
-607
-687
-737
-619
-223
-145
-221
-214
-227
-289
-568
-534
-389
-61
-61
-297
8
-14
-250
-210
-330
-52
-105
-245
-357
-177
152
252
406
596
248
6
-13
-74
-288
-234
-270
-442
-307
-160
-291
-171
41
335
462
519
480
495
567
455
247
110
68
-28
-232
-420
-468
-493
-566
-595
-553
-567
-532
-514
-439
-245
-201
-99
-99
-389
-583
-432
-204
-111
-121
-439
-472
-694
-835
-518
-365
-77
-85
-65
178
418
297
104
301
456
248
326
562
326
67
-75
-90
-217
-342
-650
-971
-751
-448
-260
-23
104
-260
-400
-328
-380
-504
-500
-547
-628
-332
-385
-428
-309
-211
20
142
211
418
491
536
482
304
306
211
-31
-368
-252
-144
-81
-96
-359
-415
-516
-660
-558
-579
-132
0
45
184
308
317
324
391
381
148
56
137
-344
-483
-220
-115
-257
-277
-338
-264
-286
-438
-407
-143
-46
-175
18
207
-45
-204
-288
-352
-458
-667
-954
-1098
-829
-675
-597
-328
-334
-427
-394
-344
-348
-340
-299
-414
-521
-459
-217
-44
124
490
271
320
314
324
422
346
320
430
435
479
568
547
449
456
468
228
131
67
-115
-328
-335
-305
-215
-177
-228
-309
-391
-353
-172
-128
-121
-290
-367
-443
-685
-699
-363
-381
-478
-542
-539
-453
-524
-755
-717
-469
-409
-237
116
102
-58
-35
-126
-204
-441
-849
-949
-689
-336
-100
-230
-120
-336
-546
-467
-534
-460
-190
-202
-166
173
484
469
601
713
859
786
802
780
707
655
535
375
246
132
11
-136
-212
-92
-53
-54
-203
-277
-323
-472
-594
-563
-481
-452
-427
-439
-553
-535
-620
-532
-519
-481
-407
-364
-578
-647
-470
-161
-217
-365
-649
-414
-106
-191
-230
-335
-272
-336
-226
98
-118
-165
-35
-22
39
138
-6
-218
9
288
264
309
372
40
-188
-236
-300
-380
-364
-439
-629
-256
-177
-64
127
301
412
430
467
478
419
416
254
83
6
-129
-263
-320
-428
-472
-429
-391
-371
-299
-408
-472
-423
-371
-272
-280
-503
-344
-216
-215
-45
-245
-347
-428
-496
-327
-788
-771
-180
-47
-1
183
294
417
474
286
129
189
234
137
242
299
39
-80
-204
-244
-399
-591
-762
-734
-401
-179
-173
-40
7
-347
-466
-464
-580
-612
-599
-738
-749
-415
-393
-396
-224
14
259
428
422
528
582
554
368
150
-113
-121
64
15
110
-116
-272
-348
-421
-397
-603
-616
-322
-237
-11
283
372
417
389
371
384
204
159
22
-111
-256
-601
-571
-279
-269
-434
-478
-347
-69
-96
-271
-293
-165
-123
-157
44
6
-290
-283
-434
-528
-669
-805
-1053
-1041
-708
-496
-286
-12
-232
-342
-303
-326
-404
-495
-718
-766
-351
-40
140
29
-35
227
234
330
320
399
668
591
579
698
732
727
644
536
464
291
214
97
-21
-228
-396
-466
-479
-361
-424
-363
-279
-169
-111
-136
-96
-215
-188
-327
-392
-674
-875
-718
-445
-553
-649
-605
-522
-446
-563
-642
-431
-152
-232
-30
262
74
-109
-178
-538
-541
-386
-558
-550
-551
-460
-368
-251
-100
-420
-540
-217
-244
-196
24
117
87
516
571
489
471
581
712
674
547
570
539
496
374
155
42
31
156
92
44
-36
-117
-123
-247
-327
-492
-700
-683
-655
-604
-629
-495
-452
-564
-543
-457
-341
-247
-332
-300
-167
-604
-659
-498
-503
-581
-321
-258
53
-86
-450
-528
-355
-250
-335
-110
346
91
104
184
300
297
181
-22
-191
-49
101
127
204
87
-255
-322
-384
-456
-540
-571
-594
-444
-3
59
64
88
250
395
408
338
316
322
270
36
-100
-105
-157
-284
-317
-302
-276
-172
-252
-225
-237
-419
-500
-538
-693
-643
-269
-148
53
-99
-365
-308
-340
-345
-450
-495
-244
-537
-391
109
275
274
306
393
528
288
21
7
111
-43
-65
188
163
-166
-235
-406
-384
-274
-393
-601
-549
-372
-260
-150
-12
-222
-554
-551
-602
-744
-755
-718
-802
-679
-372
-292
-131
73
298
422
498
476
515
488
147
-53
146
196
363
156
-192
-183
-265
-290
-355
-405
-224
-332
-310
-91
175
284
397
493
483
273
156
192
61
-108
-219
-292
-507
-727
-670
-441
-409
-309
-193
-66
46
-195
-390
-255
-152
-293
-234
14
-202
-437
-490
-538
-573
-714
-862
-982
-747
-352
-292
-63
60
-264
-380
-397
-624
-808
-474
-419
-321
36
-157
-167
-69
65
260
270
551
618
695
863
910
819
802
791
788
488
336
252
151
-43
-139
-215
-387
-552
-615
-651
-464
-289
-135
4
-49
-175
-225
-165
-227
-353
-500
-411
-872
-987
-790
-563
-613
-641
-570
-347
-282
-362
-432
-183
-90
-191
50
178
-289
-528
-319
-224
-111
-231
-742
-847
-589
-435
-325
-200
103
-195
-190
-32
68
124
197
166
196
393
371
312
376
362
491
520
403
448
390
274
164
216
255
287
241
55
-70
-88
-152
-328
-425
-477
-687
-832
-830
-773
-623
-556
-460
-383
-367
-277
-204
-184
-165
-306
-319
-412
-929
-1023
-532
-249
-146
-106
-299
-172
-284
-515
-483
-325
-27
-5
300
503
358
437
354
376
366
23
-289
-358
-84
-88
-54
80
-142
-422
-495
-606
-616
-503
-350
-358
-241
0
-40
57
105
222
230
258
202
183
160
67
-29
-126
-100
-73
-124
-112
-79
-109
-118
-216
-229
-364
-656
-918
-647
-349
-136
9
-199
-225
-299
-380
-248
-379
-92
-175
-180
-231
-227
2
319
351
351
223
246
307
61
-218
-155
-60
-217
-102
82
-126
-321
-238
-182
-133
-161
-490
-742
-523
-320
-364
-203
-172
-448
-692
-725
-768
-784
-730
-715
-713
-244
-97
-59
71
237
395
466
411
294
91
343
386
339
414
111
80
-76
-200
-168
-289
-215
-95
-115
-111
-72
37
69
296
383
333
316
227
125
-33
-65
-135
-277
-372
-343
-774
-871
-558
-207
-173
-141
-190
-107
-38
-310
-504
-323
-326
-448
-262
-134
-453
-484
-575
-552
-503
-514
-682
-739
-449
-243
-200
4
-49
-531
-794
-624
-444
-356
-160
-470
-520
-171
-181
-128
-84
190
535
620
679
928
1034
1044
936
888
779
611
517
355
142
0
-60
-200
-289
-413
-604
-736
-598
-397
-183
-44
-80
-107
-108
-217
-284
-308
-401
-532
-647
-724
-1093
-975
-720
-577
-554
-449
-267
-64
-168
-323
-335
-121
-167
-341
-284
-89
-166
-51
0
-260
-362
-561
-841
-802
-528
-320
-10
148
134
58
149
152
156
233
174
-26
27
300
172
124
185
350
366
366
226
279
368
431
407
386
292
203
172
-52
-151
-233
-346
-452
-529
-704
-888
-870
-823
-677
-544
-361
-211
-109
-183
-192
-100
-171
-232
-450
-764
-759
-751
-530
-75
-285
-377
-353
-306
-137
-383
-506
-185
8
39
358
714
622
439
498
354
199
119
-190
-518
-521
-236
-240
-119
-64
-404
-616
-517
-404
-356
-234
-323
-425
-223
-17
-131
-49
9
123
166
87
32
135
167
34
-9
54
99
188
32
-12
-8
-81
-167
-375
-663
-639
-576
-495
-275
-340
-357
-243
-236
-237
-363
-321
-12
-67
-21
88
257
-58
-111
166
329
159
139
122
117
74
-226
-376
-239
-214
-404
-198
58
6
-56
-91
-128
-215
-258
-602
-811
-569
-475
-472
-304
-373
-704
-750
-728
-796
-728
-556
-526
-412
-67
23
32
124
246
240
72
79
404
510
700
364
148
162
59
45
-133
-166
48
-4
4
163
187
112
44
126
129
161
224
232
149
-36
-141
-156
-224
-289
-504
-583
-564
-664
-551
-236
-141
-250
-193
-187
-92
-264
-555
-583
-405
-503
-619
-240
-193
-506
-423
-412
-316
-242
-387
-645
-638
-336
-264
-293
-368
-466
-466
-403
-180
-416
-515
-443
-586
-445
-160
-136
148
241
534
818
922
942
1051
1116
1054
751
666
592
459
252
40
-31
-149
-226
-424
-493
-544
-499
-446
-351
-241
-232
-93
-87
-137
-267
-420
-348
-455
-564
-734
-720
-867
-1099
-858
-487
-381
-257
-262
-110
23
-191
-394
-413
-440
-520
-152
104
216
-116
-248
-264
-324
-332
-564
-744
-388
-140
-20
208
472
316
216
276
228
60
96
32
-116
-108
60
4
-24
72
108
88
128
288
428
512
388
224
216
160
108
-48
-232
-272
-360
-484
-604
-616
-692
-840
-748
-616
-400
-232
-140
-44
-68
-156
-184
-216
-500
-620
-364
-236
-328
-484
-504
-292
-356
-336
-324
-236
76
-120
-132
124
340
316
560
736
592
300
220
188
84
-136
-408
-540
-476
-312
-368
-288
-240
-304
-280
-224
-276
-332
-272
-328
-372
-144
-204
-228
-196
-160
-112
-36
-60
-48
56
144
112
172
184
184
164
28
-56
-168
-440
-600
-348
-292
-192
-360
-528
-460
-364
-268
-216
-236
-12
-52
20
196
280
248
228
264
56
-64
104
176
56
-84
-76
0
-104
-352
-476
-388
-344
-256
128
204
40
-56
-144
-160
-216
-412
-732
-764
-556
-568
-580
-388
-492
-708
-652
-560
-548
-352
-300
-332
-236
-16
-32
-52
-180
-160
156
280
472
452
264
276
108
76
84
-8
212
80
120
212
324
312
300
268
204
20
12
24
64
-4
20
-36
-172
-244
-268
-428
-396
-348
-308
-332
-472
-404
-224
-180
-228
-308
-300
-232
-440
-660
-676
-500
-552
-548
-200
-184
-312
-160
-168
-152
-172
-352
-584
-568
-520
-652
-280
-64
-92
-196
-444
-428
-480
-420
-400
-520
-92
108
136
328
596
772
856
888
928
824
804
696
512
328
268
220
32
-100
-204
-356
-344
-288
-256
-248
-308
-376
-384
-212
-212
-216
-244
-308
-392
-512
-508
-580
-600
-684
-548
-728
-752
-416
-188
-184
-156
-192
-60
-92
-512
-764
-432
-184
-92
148
44
-108
-240
-316
-256
-352
-120
-348
-408
-136
212
304
436
520
336
136
88
28
-44
-100
-232
-260
-64
-72
-172
-212
-32
204
332
384
460
428
396
300
204
108
-8
-76
-216
-388
-460
-520
-576
-620
-604
-628
-628
-448
-356
-208
-88
-104
-60
-152
-444
-588
-360
-244
-172
-148
-428
-652
-636
-432
-264
-384
-68
-16
112
236
148
196
332
416
404
544
516
296
200
28
-60
-124
-332
-600
-696
-628
-440
-328
-32
-52
-200
-280
-308
-308
-320
-372
-524
-468
-292
-344
-380
-324
-136
-100
-16
36
160
324
384
264
248
208
188
72
-244
-488
-308
-200
-168
-88
-412
-504
-544
-524
-416
-376
-176
64
76
104
236
384
344
364
312
160
-20
-196
-148
-32
-64
-136
-232
-172
-164
-352
-544
-424
-144
-112
-48
172
56
-76
-108
-240
-292
-404
-604
-896
-880
-664
-608
-536
-392
-484
-536
-384
-320
-340
-248
-240
-316
-244
-216
-468
-192
84
292
472
208
212
260
252
256
52
156
332
320
308
380
440
404
416
384
268
76
-32
-76
-192
-144
-120
-88
-116
-244
-364
-416
-276
-204
-160
-172
-168
-488
-524
-356
-268
-324
-392
-444
-388
-404
-616
-720
-620
-512
-500
-280
76
0
-124
-124
-96
-148
-260
-620
-1012
-728
-312
-184
84
-116
-380
-448
-464
-416
-504
-332
-160
-192
212
408
472
536
740
876
856
716
728
728
608
444
284
236
128
-12
-192
-292
-252
-132
-140
-108
-212
-352
-384
-388
-428
-332
-324
-340
-360
-492
-600
-540
-548
-572
-580
-508
-396
-536
-520
-244
-116
-176
-208
-324
-472
-356
-376
-336
-12
-220
-324
-40
-36
-148
-244
-204
-4
-56
-76
-120
-64
120
320
408
472
280
80
20
-96
-216
-236
-248
-388
-360
-268
-268
-172
20
300
396
376
324
416
404
312
144
20
-28
-112
-252
-416
-440
-484
-552
-516
-448
-424
-388
-444
-336
-256
-168
-128
-236
-472
-424
-268
-148
0
-272
-416
-412
-572
-660
-592
-320
-24
-68
24
288
468
364
216
300
372
220
232
484
280
16
-24
-112
-208
-296
-560
-832
-688
-348
-180
-40
32
-196
-280
-304
-392
-460
-480
-512
-624
-568
-456
-424
-368
-268
-80
76
196
320
368
456
416
260
204
52
-228
-292
-124
-84
60
-156
-356
-340
-476
-504
-564
-480
-116
-64
116
344
356
352
364
448
352
172
96
144
-232
-452
-280
-140
-224
-280
-400
-324
-244
-232
-292
-136
-76
-196
-24
156
-72
-224
-356
-344
-456
-596
-848
-968
-832
-652
-556
-328
-172
-272
-352
-268
-252
-296
-276
-440
-708
-388
-116
-52
204
168
128
216
156
256
268
300
472
340
420
580
588
524
480
496
424
204
160
88
-96
-304
-312
-308
-268
-204
-312
-324
-332
-236
-116
-64
-136
-268
-240
-316
-564
-664
-472
-364
-460
-544
-608
-428
-464
-664
-664
-424
-316
-204
-8
160
12
-52
-148
-232
-512
-656
-584
-616
-212
-240
-340
-160
-280
-404
-440
-448
-192
-184
-64
16
196
448
504
568
588
644
676
676
568
496
496
432
244
140
44
-76
-108
-52
-28
-12
-68
-204
-212
-300
-416
-528
-548
-516
-452
-460
-520
-464
-532
-604
-476
-412
-368
-316
-316
-376
-500
-408
-208
-252
-524
-608
-252
-84
0
-272
-436
-260
-324
-252
-44
-72
28
28
68
184
248
136
-48
52
264
172
240
332
80
-200
-212
-248
-380
-356
-440
-596
-424
-96
-12
84
128
256
312
332
300
284
244
168
-24
-128
-208
-228
-328
-472
-416
-352
-316
-256
-244
-280
-336
-392
-364
-332
-508
-516
-220
-164
-12
-124
-280
-300
-372
-408
-428
-616
-440
-216
40
164
264
308
460
528
380
92
156
220
80
56
248
72
-132
-208
-296
-428
-452
-488
-556
-380
-180
-220
-76
-36
-272
-432
-472
-500
-588
-616
-700
-708
-420
-444
-384
-228
-28
236
312
344
424
412
416
292
-104
-192
28
52
160
0
-232
-232
-352
-344
-356
-500
-300
-248
-152
120
332
396
448
440
396
268
228
160
0
-160
-208
-464
-572
-324
-296
-452
-400
-268
-68
-8
-172
-296
-172
-140
-204
-84
-44
-232
-348
-476
-544
-572
-688
-904
-920
-644
-436
-252
-64
-92
-244
-296
-288
-372
-564
-676
-472
-340
40
36
-152
-68
104
160
232
164
512
544
588
596
664
708
684
652
580
368
280
220
64
-100
-192
-304
-448
-416
-448
-460
-320
-180
-104
-88
-104
-108
-180
-192
-296
-392
-576
-744
-744
-536
-544
-584
-588
-572
-396
-400
-512
-348
-156
-152
-92
100
104
-140
-352
-564
-304
-276
-272
-424
-668
-436
-368
-296
-120
-356
-184
-152
-116
-28
168
232
168
336
544
404
396
416
544
424
440
412
364
376
224
12
0
108
140
116
36
-44
-120
-124
-224
-320
-480
-576
-660
-696
-624
-588
-496
-492
-476
-448
-404
-200
-196
-216
-228
-284
-440
-580
-608
-592
-392
-260
-112
4
-164
-320
-480
-380
-220
-356
72
292
184
208
292
376
340
308
152
-140
-68
76
68
96
96
-180
-352
-340
-444
-592
-488
-448
-340
20
64
-12
24
160
268
240
152
184
148
104
-36
-184
-168
-244
-244
-276
-272
-152
-124
-196
-172
-232
-304
-440
-592
-760
-436
-192
-84
60
-252
-312
-296
-308
-280
-440
-144
-48
-352
-296
176
356
308
360
392
400
304
104
-40
0
-20
-112
-8
88
-164
-352
-360
-292
-204
-248
-404
-548
-404
-224
-200
-136
-232
-476
-560
-600
-684
-728
-652
-728
-668
-352
-244
-92
40
244
332
392
360
360
212
-16
76
152
228
332
-28
-128
-196
-272
-220
-376
-272
-104
-204
-172
64
204
300
440
492
372
236
172
192
12
-80
-204
-264
-448
-676
-716
-440
-312
-232
-148
-72
-16
-160
-268
-296
-236
-292
-328
-152
-224
-452
-504
-520
-560
-604
-680
-772
-608
-328
-228
-104
40
-152
-336
-496
-720
-620
-344
-256
-184
-300
-172
-168
-156
-28
84
252
484
480
640
856
868
772
772
780
676
440
304
256
92
-36
-144
-192
-344
-512
-632
-600
-416
-224
-56
20
-84
-172
-160
-140
-276
-320
-464
-520
-768
-920
-852
-544
-580
-588
-520
-356
-132
-212
-356
-192
-72
-152
-68
-44
-400
-384
-232
-112
-4
-328
-576
-720
-620
-368
-376
-136
140
-112
-96
140
200
156
272
288
164
352
332
288
236
252
348
364
288
292
172
180
172
192
268
268
148
12
-16
-92
-196
-268
-400
-468
-604
-780
-824
-712
-612
-520
-432
-300
-264
-196
-208
-120
-120
-232
-284
-328
-900
-824
-348
-176
-36
-276
-336
-204
-248
-360
-484
-288
20
-44
248
576
468
396
400
432
332
84
-124
-236
-180
-132
-116
-12
-80
-368
-516
-524
-492
-364
-224
-232
-244
-64
12
-12
-32
60
100
120
60
36
-20
28
-100
-192
-120
-64
-40
-20
-84
-68
-60
-168
-224
-384
-752
-772
-452
-328
-44
-132
-248
-204
-316
-292
-296
-276
-52
-136
-60
104
-76
0
340
412
324
184
208
296
96
-196
-212
-108
-184
-216
-108
-160
-260
-120
-92
-76
-152
-376
-516
-528
-400
-348
-336
-208
-460
-660
-724
-676
-724
-716
-628
-580
-356
-64
-64
48
136
292
308
204
-36
40
320
344
428
200
32
44
-112
-168
-232
-216
-8
-88
12
120
88
84
180
332
332
288
288
248
84
-80
-64
-148
-236
-344
-492
-704
-760
-468
-120
-96
-152
-216
-88
-52
-240
-452
-420
-320
-436
-404
-272
-356
-492
-504
-484
-416
-424
-456
-616
-424
-204
-200
-80
-88
-628
-676
-388
-352
-176
-288
-460
-468
-208
-140
-184
-116
276
404
548
740
848
888
952
920
760
612
548
492
256
64
0
-76
-184
-280
-396
-568
-620
-460
-300
-140
-136
-120
-32
-140
-224
-292
-348
-380
-472
-616
-612
-892
-932
-768
-504
-448
-372
-236
-108
-52
-200
-312
-176
-208
-500
-332
72
-84
32
-160
-304
-300
-460
-608
-728
-532
-120
-64
172
308
176
180
248
248
204
128
48
12
180
92
80
112
140
224
192
76
180
344
440
352
268
192
172
96
-40
-168
-280
-320
-452
-556
-644
-744
-808
-800
-660
-456
-292
-148
-108
-120
-132
-144
-160
-268
-592
-692
-400
-596
-364
-216
-324
-328
-360
-296
-188
-288
-184
-148
72
204
328
600
676
480
492
292
216
148
-100
-436
-436
-256
-256
-212
-160
-360
-516
-364
-264
-272
-224
-292
-344
-220
-64
-144
-164
-112
-12
-32
-56
-36
4
-8
12
-4
40
140
140
76
0
-44
-100
-188
-532
-620
-432
-448
-280
-308
-396
-320
-268
-216
-204
-300
-76
0
8
152
192
216
116
12
144
264
196
136
60
-8
40
-140
-360
-272
-272
-420
-260
68
56
-36
-12
-116
-164
-212
-456
-692
-628
-452
-476
-408
-400
-628
-708
-716
-656
-608
-492
-352
-372
-20
20
-28
44
96
24
-64
188
312
480
484
192
104
72
32
40
-148
68
64
80
168
256
268
212
140
172
96
152
152
148
48
-20
-112
-212
-200
-312
-468
-476
-272
-532
-476
-268
-136
-216
-196
-216
-184
-252
-444
-588
-504
-500
-560
-364
-248
-396
-368
-368
-216
-204
-288
-448
-584
-372
-288
-472
-460
-180
-348
-228
-164
-472
-452
-412
-488
-440
-224
108
96
244
492
748
856
844
940
984
836
664
556
480
284
212
72
-88
-148
-252
-448
-428
-328
-384
-364
-300
-288
-224
-116
-128
-184
-320
-372
-412
-492
-560
-664
-672
-720
-908
-800
-484
-236
-224
-204
-116
-44
-112
-352
-580
-560
-352
-196
180
264
-212
-208
-280
-320
-292
-536
-420
-428
-144
84
312
512
408
244
276
160
40
32
-4
-172
-180
28
-64
-32
-56
-8
96
196
324
448
500
384
248
228
172
64
-116
-240
-308
-432
-516
-600
-596
-704
-744
-716
-588
-316
-216
-112
-44
-80
-124
-216
-392
-600
-404
-332
-204
-272
-680
-564
-348
-340
-304
-380
8
104
-28
-84
228
400
340
500
728
536
276
244
140
8
-112
-364
-616
-496
-384
-480
-292
-148
-208
-268
-208
-284
-368
-268
-320
-444
-212
-212
-292
-268
-232
-140
-40
-68
16
88
204
252
212
212
204
200
48
-72
-260
-524
-352
-268
-212
-176
-540
-536
-500
-384
-288
-292
-124
24
-12
64
280
340
292
284
400
-8
-164
8
164
-24
-96
-124
-108
-92
-376
-560
-388
-268
-208
76
252
-16
-128
-124
-164
-276
-376
-684
-836
-684
-600
-616
-416
-436
-676
-620
-512
-412
-344
-276
-296
-280
-20
-44
-228
-360
-100
236
376
492
304
268
280
112
116
20
112
256
172
188
348
392
312
344
344
184
-40
-24
12
-12
-28
-36
-56
-180
-308
-384
-396
-328
-288
-232
-208
-528
-524
-240
-176
-304
-324
-352
-280
-440
-664
-744
-512
-540
-524
-228
-84
-180
-100
-172
-128
-144
-332
-560
-764
-728
-508
-256
24
56
-392
-452
-424
-512
-412
-448
-404
-136
96
212
428
588
740
868
932
848
780
768
684
460
320
252
192
52
-132
-284
-336
-308
-224
-160
-192
-332
-440
-332
-256
-288
-244
-272
-316
-424
-556
-556
-552
-580
-656
-612
-632
-692
-448
-232
-152
-156
-172
-132
-176
-612
-612
-352
-132
-4
-136
0
-40
-276
-200
-304
-280
-72
-296
-360
-88
248
268
468
588
328
64
72
24
-144
-176
-236
-320
-264
-104
-248
-192
-24
224
388
428
384
376
460
332
140
92
-24
-72
-252
-396
-492
-480
-528
-620
-560
-536
-552
-428
-392
-196
-128
-84
-76
-256
-560
-464
-204
-192
-52
-352
-340
-584
-716
-456
-332
-312
-68
-56
148
368
224
156
372
456
328
408
532
356
96
-52
-80
-148
-292
-572
-792
-620
-408
-252
12
48
-208
-332
-256
-332
-416
-396
-528
-552
-316
-368
-456
-316
-204
-128
4
96
248
376
384
316
276
240
168
-24
-376
-412
-156
-132
-32
-228
-396
-448
-592
-496
-500
-320
0
20
148
280
292
332
384
396
268
112
60
-180
-268
-168
-100
-176
-240
-240
-252
-320
-504
-360
-88
-56
-128
76
172
-100
-128
-268
-360
-392
-584
-896
-992
-684
-612
-596
-348
-356
-448
-332
-320
-316
-248
-244
-348
-364
-420
-388
-96
36
408
296
184
216
220
296
268
152
344
308
376
504
424
432
440
440
332
184
88
-32
-184
-252
-164
-168
-160
-152
-288
-388
-396
-192
-128
-108
-220
-300
-364
-568
-476
-316
-380
-404
-460
-464
-460
-568
-720
-692
-460
-416
-308
120
56
-80
-40
-112
-168
-300
-752
-940
-612
-304
-96
-152
-160
-304
-480
-412
-436
-496
-152
-184
-136
124
452
448
556
716
792
740
708
684
620
540
424
284
172
96
0
-184
-252
-128
-68
-56
-160
-248
-300
-396
-448
-476
-408
-388
-368
-408
-516
-552
-572
-552
-524
-464
-444
-240
-488
-520
-296
-148
-200
-284
-512
-484
-136
-296
-208
-164
-280
-304
-136
28
-116
-256
-40
-28
32
96
-28
-96
92
332
360
364
340
92
-56
-176
-224
-272
-304
-404
-480
-288
-224
-96
96
248
332
340
332
376
356
304
104
28
-44
-172
-284
-376
-448
-504
-464
-464
-380
-296
-352
-404
-328
-316
-204
-216
-436
-484
-272
-228
-32
-92
-332
-384
-444
-444
-632
-652
-156
-28
-20
148
304
456
464
268
252
296
236
160
352
252
44
-28
-176
-212
-344
-556
-752
-652
-272
-160
-104
20
-104
-284
-332
-400
-520
-496
-520
-688
-676
-432
-420
-424
-268
-24
88
292
312
408
456
424
268
164
-124
-236
-48
-112
68
-40
-288
-324
-372
-428
-484
-588
-248
-180
-12
192
384
420
372
364
440
256
184
68
-32
-284
-452
-376
-236
-232
-336
-456
-324
-120
-148
-264
-200
-92
-184
-132
120
-20
-280
-284
-388
-496
-612
-744
-972
-932
-608
-496
-348
-72
-180
-291
-242
-273
-316
-299
-458
-641
-308
-48
39
82
54
189
224
247
282
281
544
480
391
467
528
558
468
389
388
241
162
65
-9
-196
-292
-331
-368
-243
-265
-280
-197
-159
-135
-121
-51
-137
-207
-239
-192
-517
-655
-468
-333
-425
-461
-467
-347
-332
-498
-520
-359
-154
-174
-27
218
47
-64
-175
-314
-473
-387
-516
-505
-331
-309
-287
-164
-136
-310
-427
-172
-179
-165
-21
28
84
372
417
420
400
486
557
579
481
468
473
412
269
139
44
30
73
37
3
3
-77
-187
-175
-239
-381
-531
-500
-498
-433
-393
-394
-344
-420
-430
-371
-287
-214
-254
-255
-254
-489
-460
-270
-334
-501
-335
-184
35
41
-373
-401
-260
-240
-233
-22
256
89
64
107
212
220
98
-111
-116
-16
78
89
227
45
-189
-235
-292
-339
-376
-440
-486
-367
-39
27
83
119
253
329
349
286
269
292
242
54
-49
-82
-96
-184
-298
-271
-244
-185
-190
-195
-244
-341
-376
-362
-435
-493
-255
-124
-46
-27
-265
-213
-242
-292
-325
-406
-421
-423
-284
-1
192
208
198
317
416
228
-26
8
115
-15
-37
217
84
-107
-164
-284
-306
-303
-360
-525
-433
-221
-228
-107
5
-234
-388
-416
-462
-550
-533
-566
-608
-500
-306
-255
-128
99
270
329
376
402
434
430
237
-62
77
164
198
204
-121
-149
-182
-252
-265
-354
-325
-259
-256
-161
97
218
290
373
345
216
122
156
88
-63
-173
-123
-421
-575
-420
-312
-353
-287
-200
-17
52
-153
-340
-176
-109
-234
-132
41
-142
-310
-409
-437
-440
-528
-698
-811
-592
-285
-206
-77
8
-190
-274
-277
-431
-618
-465
-328
-282
108
-60
-117
-38
72
224
226
307
501
524
619
685
622
605
609
577
430
252
204
160
-28
-109
-179
-285
-429
-452
-480
-361
-237
-112
-17
-36
-128
-164
-104
-169
-308
-348
-431
-666
-706
-525
-457
-465
-476
-458
-271
-229
-349
-314
-173
-99
-122
62
151
-121
-374
-337
-181
-179
-160
-588
-662
-454
-336
-244
-138
-129
-159
-184
-100
21
98
121
84
185
354
276
293
324
412
398
412
379
371
373
260
131
107
191
231
188
56
-55
-52
-125
-244
-285
-415
-518
-609
-605
-609
-457
-387
-370
-307
-297
-274
-126
-161
-151
-205
-246
-385
-633
-695
-397
-201
-191
-60
-160
-130
-204
-440
-340
-238
-231
-7
268
276
238
310
253
268
240
42
-276
-223
-35
-60
-38
68
-138
-325
-335
-429
-493
-389
-293
-287
-128
12
-39
64
159
216
239
202
198
203
187
66
-29
-55
-100
-81
-93
-130
-68
-101
-99
-145
-174
-289
-469
-667
-611
-281
-175
32
-68
-210
-216
-292
-198
-278
-279
-152
-81
-268
-230
30
225
248
256
217
232
253
81
-148
-122
-52
-138
-69
125
-109
-266
-289
-149
-119
-165
-380
-583
-400
-245
-260
-149
-166
-376
-513
-529
-602
-585
-543
-592
-561
-201
-102
-36
40
219
347
382
349
291
137
169
292
229
356
180
16
-44
-168
-150
-185
-259
-88
-137
-147
-90
-2
57
204
324
305
241
165
97
28
-44
-104
-218
-285
-341
-645
-706
-405
-184
-147
-113
-131
-37
-28
-237
-335
-245
-270
-308
-151
-101
-334
-341
-418
-436
-425
-469
-600
-572
-376
-189
-124
6
-87
-330
-571
-535
-372
-316
-128
-320
-376
-120
-144
-70
-21
148
416
459
517
662
790
797
710
662
617
489
398
281
128
8
-32
-154
-225
-325
-464
-582
-497
-336
-148
-33
-43
-73
-120
-169
-147
-224
-310
-400
-459
-634
-846
-757
-478
-462
-437
-369
-268
-55
-132
-293
-220
-100
-147
-178
-130
-198
-140
-104
-20
-152
-312
-432
-684
-586
-389
-324
-29
107
-3
-34
73
93
86
166
166
-23
82
237
168
124
164
324
299
295
252
224
295
336
312
284
245
171
84
-28
-83
-164
-258
-331
-387
-538
-664
-673
-638
-542
-424
-277
-188
-135
-144
-145
-72
-140
-192
-314
-514
-742
-644
-360
-48
-118
-290
-272
-176
-125
-273
-436
-113
4
-3
222
533
422
322
290
310
177
54
-155
-376
-340
-176
-152
-80
-55
-340
-492
-421
-332
-292
-204
-223
-309
-12
0
-36
-20
66
161
175
94
96
125
145
46
-20
32
60
97
28
-19
-24
-68
-172
-223
-462
-606
-504
-404
-216
-162
-222
-187
-164
-213
-242
-275
-41
-56
-101
6
61
-114
-136
174
290
145
106
85
164
32
-156
-260
-176
-159
-257
-148
7
-79
-52
-76
-67
-149
-280
-468
-572
-433
-354
-307
-201
-333
-564
-583
-559
-612
-544
-452
-467
-310
-48
9
50
96
268
281
174
58
296
388
491
350
122
125
84
11
-58
-175
20
4
-37
39
77
34
-12
73
138
137
186
173
128
-36
-88
-63
-164
-199
-349
-456
-529
-591
-487
-145
-87
-161
-195
-136
-40
-189
-415
-403
-301
-393
-397
-175
-183
-380
-338
-320
-299
-246
-354
-519
-466
-281
-192
-155
-178
-477
-400
-328
-213
-223
-374
-359
-432
-320
-102
-159
136
209
423
563
700
756
800
865
816
609
518
461
387
168
44
1
-104
-155
-289
-384
-442
-427
-403
-305
-161
-145
-103
-47
-111
-201
-307
-252
-341
-441
-533
-574
-727
-848
-674
-375
-319
-230
-194
-103
10
-165
-304
-218
-290
-477
-195
124
107
13
-229
-215
-252
-348
-485
-703
-328
-131
-68
175
356
164
78
149
148
20
30
-31
-93
117
72
33
40
129
203
172
190
285
401
475
427
271
221
201
121
-26
-163
-204
-266
-406
-469
-522
-588
-708
-646
-543
-372
-162
-106
-47
-84
-149
-128
-146
-299
-557
-411
-216
-474
-427
-345
-241
-284
-296
-245
-194
44
-123
-176
31
236
232
422
577
416
260
158
140
55
-151
-393
-503
-376
-255
-256
-204
-246
-375
-316
-229
-237
-285
-272
-299
-271
-102
-96
-124
-102
34
47
66
76
104
158
197
140
167
206
189
140
62
-24
-94
-239
-490
-351
-272
-326
-276
-437
-393
-286
-228
-157
-194
-165
-55
12
43
161
140
114
41
-87
-136
98
120
60
-51
-61
29
-93
-319
-352
-280
-306
-223
92
147
-5
-41
-140
-116
-207
-414
-624
-643
-470
-438
-389
-301
-444
-592
-574
-519
-484
-329
-278
-327
-176
18
6
22
-43
-30
119
316
390
536
388
279
186
104
128
54
39
77
52
103
205
194
186
149
77
-10
-62
40
68
56
19
-51
-105
-205
-204
-320
-349
-377
-292
-397
-464
-389
-168
-136
-185
-254
-196
-167
-342
-542
-473
-413
-441
-336
-122
-199
-257
-205
-134
-165
-207
-374
-546
-433
-383
-506
-269
-37
-202
-180
-332
-398
-418
-384
-364
-446
-57
105
84
232
489
686
733
769
837
794
724
628
496
380
270
181
67
-61
-123
-248
-297
-313
-249
-261
-324
-352
-327
-180
-117
-160
-140
-255
-326
-373
-401
-473
-521
-543
-462
-735
-697
-426
-154
-197
-155
-125
-38
-61
-333
-587
-365
-157
-167
164
128
-130
-172
-256
-208
-278
-367
-363
-452
-184
90
218
357
392
168
86
20
-27
-60
-104
-230
-252
-9
-33
-43
-69
27
191
339
397
476
452
413
332
235
152
99
-34
-142
-249
-337
-413
-457
-483
-536
-587
-573
-458
-312
-205
-75
-37
-38
-129
-265
-399
-407
-217
-259
-144
-344
-642
-568
-316
-228
-306
-267
-40
68
60
26
98
257
288
320
509
396
205
193
52
-62
-116
-318
-561
-559
-437
-390
-245
-13
-123
-229
-256
-291
-292
-289
-332
-417
-350
-168
-225
-221
-214
3
41
52
111
239
334
360
264
257
251
210
81
-133
-331
-347
-188
-199
-72
-280
-484
-484
-476
-314
-298
-175
40
23
48
134
246
217
236
184
125
-139
-263
-155
24
-76
-128
-158
-133
-77
-321
-494
-353
-125
-111
27
205
29
-56
-77
-155
-237
-378
-560
-759
-685
-554
-489
-350
-292
-481
-489
-374
-308
-340
-237
-241
-302
-15
-66
-315
-203
96
272
484
340
276
320
304
274
151
116
288
267
205
278
294
289
282
248
177
17
-114
-127
-144
-120
-100
-70
-77
-165
-272
-346
-281
-200
-159
-189
-135
-501
-496
-333
-175
-260
-326
-320
-251
-310
-546
-601
-446
-418
-413
-145
56
-55
-100
-109
-88
-134
-283
-534
-814
-619
-288
-196
84
-28
-384
-388
-388
-390
-405
-368
-221
-213
129
258
365
453
606
746
765
649
686
677
596
392
304
260
159
59
-88
-228
-229
-140
-148
-144
-191
-353
-396
-365
-327
-268
-246
-232
-251
-378
-460
-425
-434
-478
-508
-453
-416
-567
-496
-237
-108
-168
-180
-202
-274
-414
-352
-292
-16
-78
-232
20
40
-173
-161
-236
-53
-68
-183
-270
-151
94
198
310
446
213
-10
-31
-84
-232
-220
-224
-348
-313
-132
-204
-113
56
292
380
421
363
416
436
360
204
98
65
-3
-174
-328
-331
-374
-434
-448
-396
-400
-403
-412
-335
-188
-160
-88
-95
-310
-426
-280
-144
-56
-130
-362
-364
-496
-641
-494
-264
-73
-80
-41
158
329
210
76
226
334
177
246
421
236
4
-8
-80
-168
-231
-524
-756
-577
-299
-180
-8
77
-205
-300
-272
-308
-397
-398
-427
-509
-261
-300
-315
-227
-150
24
160
193
357
392
457
394
268
236
153
-18
-254
-136
-92
-17
-78
-298
-315
-400
-501
-466
-447
-117
-64
47
187
249
226
224
289
274
129
30
81
-300
-436
-252
-91
-200
-215
-269
-248
-205
-291
-331
-104
-43
-141
29
188
-40
-157
-271
-271
-341
-529
-753
-859
-643
-528
-452
-216
-175
-318
-316
-259
-270
-297
-248
-347
-498
-345
-108
-60
147
297
206
273
244
284
338
293
404
340
359
423
472
410
348
341
340
149
90
25
-93
-312
-284
-243
-208
-147
-181
-248
-282
-223
-155
-101
-103
-221
-279
-275
-552
-553
-387
-288
-369
-429
-421
-334
-399
-592
-566
-343
-279
-166
98
169
-38
-53
-112
-179
-362
-657
-687
-596
-221
-111
-209
-79
-192
-412
-361
-403
-220
-175
-140
-93
80
372
372
457
536
604
614
613
571
545
508
429
264
197
107
0
-78
-139
-55
-41
-53
-157
-207
-259
-379
-469
-479
-368
-358
-345
-341
-370
-408
-484
-378
-383
-340
-302
-286
-379
-512
-401
-172
-178
-374
-497
-259
-64
-105
-215
-293
-197
-252
-156
91
-30
16
37
4
39
144
-20
-186
-7
196
132
226
269
51
-171
-197
-239
-340
-299
-376
-512
-362
-111
-48
103
231
303
340
361
381
338
313
220
70
2
-93
-126
-236
-328
-314
-311
-288
-253
-234
-283
-372
-346
-332
-222
-307
-406
-203
-144
-134
-67
-201
-257
-294
-372
-249
-574
-565
-219
-16
7
145
220
322
397
213
20
130
164
51
173
263
29
-100
-175
-220
-320
-390
-579
-592
-313
-153
-173
-36
8
-279
-370
-364
-447
-486
-486
-581
-606
-312
-300
-306
-147
36
239
354
349
428
458
454
290
97
-94
-21
88
50
84
-153
-197
-274
-324
-305
-438
-441
-251
-168
-1
213
302
322
309
281
238
142
104
4
-120
-209
-483
-457
-291
-240
-348
-353
-247
-52
-69
-208
-281
-136
-96
-161
38
64
-215
-230
-358
-413
-485
-621
-828
-842
-527
-372
-229
2
-105
-268
-250
-250
-325
-427
-578
-537
-313
6
108
-40
-10
166
200
280
226
371
541
524
471
557
590
561
533
413
338
208
148
68
-48
-190
-299
-373
-377
-287
-340
-273
-185
-88
-81
-100
-84
-176
-148
-253
-340
-472
-683
-578
-397
-433
-497
-461
-391
-310
-411
-485
-325
-110
-165
-15
202
126
-89
-173
-434
-357
-249
-419
-444
-556
-350
-300
-188
-64
-282
-387
-167
-180
-148
61
98
49
208
441
354
352
441
528
508
430
420
431
415
301
103
59
63
147
91
44
-20
-95
-96
-193
-288
-373
-543
-550
-557
-465
-481
-373
-335
-408
-395
-337
-210
-176
-213
-231
-129
-418
-529
-429
-435
-389
-233
-179
64
-80
-342
-412
-284
-184
-282
-43
284
140
92
170
230
217
180
-36
-190
-136
57
61
132
62
-172
-274
-301
-363
-453
-438
-437
-333
21
63
12
69
228
299
300
259
254
254
223
47
-74
-49
-99
-176
-229
-213
-162
-116
-196
-171
-185
-282
-399
-461
-603
-451
-165
-91
64
-120
-274
-236
-260
-250
-362
-351
-188
-405
-304
54
210
189
232
296
365
236
-7
-47
56
-42
-104
134
127
-131
-209
-310
-293
-197
-247
-465
-515
-299
-180
-169
-19
-177
-442
-436
-481
-577
-598
-533
-615
-568
-273
-201
-82
80
244
335
403
382
413
370
137
21
164
176
312
104
-148
-136
-208
-206
-277
-279
-172
-257
-235
-38
130
197
306
376
329
177
110
141
16
-88
-196
-250
-409
-585
-557
-370
-313
-224
-147
-37
17
-177
-284
-265
-131
-228
-262
16
-87
-338
-386
-401
-438
-504
-665
-753
-628
-260
-228
-101
56
-138
-303
-338
-522
-583
-332
-316
-224
-212
-120
-120
-92
78
183
244
448
459
569
706
738
625
638
618
573
381
254
205
88
-36
-124
-180
-313
-421
-496
-530
-357
-208
-64
19
-63
-161
-160
-117
-191
-276
-386
-324
-631
-778
-624
-429
-470
-494
-425
-245
-152
-267
-340
-185
-64
-144
41
122
-202
-382
-208
-152
-56
-186
-588
-664
-544
-321
-293
-132
71
-133
-139
-10
61
69
150
118
126
285
282
237
276
288
368
408
328
339
308
244
155
196
260
240
169
43
-36
-60
-131
-256
-322
-371
-495
-654
-656
-603
-478
-426
-352
-260
-240
-199
-164
-113
-124
-224
-264
-350
-738
-778
-360
-172
-84
-134
-250
-124
-172
-385
-386
-232
-33
-56
251
418
329
322
278
286
262
41
-246
-299
-160
-120
-100
56
-108
-303
-400
-460
-469
-343
-224
-276
-199
-33
-12
20
80
184
182
217
175
158
136
137
-3
-82
-40
-12
-43
-67
-64
-67
-86
-160
-192
-307
-590
-694
-452
-336
-76
-54
-170
-163
-240
-277
-198
-275
-85
-148
-133
-145
-183
-26
200
257
250
141
182
233
84
-224
-184
-56
-168
-151
67
-84
-233
-131
-131
-96
-135
-321
-579
-496
-260
-285
-254
-127
-345
-541
-572
-567
-607
-572
-524
-524
-359
-54
-48
49
198
291
332
313
174
95
340
336
319
278
78
81
-24
-133
-134
-215
-24
-88
-81
-49
-28
2
40
213
272
233
238
153
72
-76
-36
-107
-216
-287
-273
-628
-689
-387
-159
-137
-119
-161
-71
-11
-252
-397
-335
-244
-345
-285
-97
-247
-367
-448
-386
-356
-387
-522
-586
-415
-186
-185
-44
-55
-418
-613
-427
-332
-237
-159
-422
-399
-120
-120
-102
-71
300
413
507
583
732
812
820
781
676
572
474
385
259
93
12
-47
-196
-223
-329
-492
-558
-419
-327
-145
-45
-73
-71
-99
-175
-221
-263
-304
-422
-501
-569
-798
-760
-564
-406
-411
-335
-218
-46
-55
-250
-293
-140
-138
-350
-205
1
-64
7
-31
-217
-269
-388
-648
-629
-487
-108
-55
140
147
72
104
110
117
152
88
-42
-7
183
117
95
149
244
281
268
172
242
325
413
327
299
239
177
125
17
-118
-211
-260
-358
-426
-553
-650
-676
-644
-558
-403
-264
-130
-82
-123
-148
-105
-128
-190
-391
-589
-535
-576
-386
-91
-237
-281
-282
-220
-97
-246
-353
-151
28
39
224
556
486
349
